0.6514327167210736
0.7167210736307581
0.7388465723612623
0.7058396808124773
0.7145447950671019
0.7279651795429815
0.7000362713093943
0.7254261878853827
0.7392092854552049
0.7174464998186435
0
0
0
0
0
0
0
0
0
0
0
0
0
0
0.014285714285714285
0.013333333333333334
0.01875
0.01764705882352941
0.044444444444444446
0.042105263157894736
0.045
0.047619047619047616
0.06363636363636363
0.0782608695652174
0.09166666666666666
0.104
0.1076923076923077
0.11481481481481481
0.11071428571428571
0.11724137931034483
0.12666666666666668
0.12903225806451613
0.1375
0.14242424242424243
0.16470588235294117
0.1742857142857143
0.18055555555555555
0.1891891891891892
0.19736842105263158
0.21025641025641026
0.2175
0.22682926829268293
0.23095238095238096
0.23953488372093024
0.2431818181818182
0.24444444444444444
0.25
0.251063829787234
0.2625
0.2693877551020408
0.27
0.2803921568627451
0.2846153846153846
0.29056603773584905
0.2962962962962963
0.29818181818181816
0.3053571428571429
0.312280701754386
0.3137931034482759
0.3169491525423729
0.3233333333333333
0.33114754098360655
0.3370967741935484
0.34444444444444444
0.3515625
0.3569230769230769
0.3606060606060606
0.36716417910447763
0.3764705882352941
0.38115942028985506
0.38857142857142857
0.39154929577464787
0.39444444444444443
0.40136986301369865
0.40675675675675677
0.4146666666666667
0.41578947368421054
0.42207792207792205
0.4256410256410256
0.4291139240506329
0.43375
0.43703703703703706
0.43902439024390244
0.44457831325301206
0.45
0.45529411764705885
0.45930232558139533
0.46436781609195404
0.46704545454545454
0.4707865168539326
0.4722222222222222
0.4758241758241758
0.4815217391304348
0.48494623655913977
0.48936170212765956
0.4926315789473684
0.4979166666666667
0.5
0.5010204081632653
0.503030303030303
0.506
0.5089108910891089
0.5107843137254902
0.5058252427184466
0.5028846153846154
0.5019047619047619
0.5037735849056604
0.505607476635514
0.5046296296296297
0.5027522935779817
0.5018181818181818
0.5027027027027027
0.5044642857142857
0.5070796460176992
0.5070175438596491
0.508695652173913
0.5120689655172413
0.5128205128205128
0.5110169491525424
0.5126050420168067
0.5133333333333333
0.515702479338843
0.5188524590163934
0.5195121951219512
0.521774193548387
0.5216
0.5246031746031746
0.5275590551181102
0.5296875
0.5310077519379846
0.5323076923076923
0.5343511450381679
0.5356060606060606
0.5383458646616541
0.5402985074626866
0.5407407407407407
0.5441176470588235
0.5467153284671533
0.5478260869565217
0.5496402877697841
0.5528571428571428
0.5531914893617021
0.5556338028169014
0.5573426573426573
0.5583333333333333
0.5606896551724138
0.560958904109589
0.5619047619047619
0.5635135135135135
0.565771812080537
0.5673333333333334
0.5675496688741721
0.569078947368421
0.5686274509803921
0.5688311688311688
0.5696774193548387
0.5717948717948718
0.5719745222929936
0.5746835443037974
0.5767295597484277
0.576875
0.5795031055900621
0.5808641975308642
0.5822085889570552
0.5841463414634146
0.5848484848484848
0.5861445783132531
0.5874251497005988
0.5886904761904762
0.5887573964497042
0.5911764705882353
0.591812865497076
0.5936046511627907
0.5947976878612716
0.596551724137931
0.5988571428571429
0.6
0.6011299435028249
0.601123595505618
0.6011173184357542
0.6027777777777777
0.6044198895027625
0.6049450549450549
0.607103825136612
0.6081521739130434
0.6091891891891892
0.6102150537634409
0.6106951871657754
0.6127659574468085
0.6132275132275132
0.6131578947368421
0.6146596858638743
0.6161458333333333
0.616580310880829
0.6185567010309279
0.6194871794871795
0.6214285714285714
0.6228426395939086
0.6242424242424243
0.6256281407035176
0.6245
0.6243781094527363
0.6242574257425743
0.625615763546798
0.6245098039215686
0.6263414634146341
0.6262135922330098
0.6260869565217392
0.6269230769230769
0.6267942583732058
0.6271428571428571
0.628436018957346
0.629245283018868
0.6295774647887324
0.6299065420560748
0.6302325581395349
0.6314814814814815
0.6331797235023041
0.6334862385321101
0.634703196347032
0.6359090909090909
0.63710407239819
0.6387387387387388
0.6394618834080718
0.640625
0.6408888888888888
0.6402654867256637
0.6405286343612335
0.6407894736842106
0.6419213973799127
0.6430434782608696
0.6437229437229437
0.6443965517241379
0.6459227467811158
0.647008547008547
0.6485106382978724
0.6491525423728813
0.650210970464135
0.6512605042016807
0.6523012552301255
0.6533333333333333
0.6531120331950208
0.6520661157024793
0.6526748971193416
0.6540983606557377
0.6542857142857142
0.6548780487804878
0.6562753036437247
0.6564516129032258
0.6574297188755021
0.658
0.6585657370517928
0.6587301587301587
0.6596837944664031
0.6610236220472441
0.6615686274509804
0.662890625
0.6638132295719844
0.6651162790697674
0.6652509652509653
0.6657692307692308
0.6666666666666666
0.667175572519084
0.6680608365019012
0.6681818181818182
0.6690566037735849
0.6691729323308271
0.6700374531835206
0.6701492537313433
0.670631970260223
0.6718518518518518
0.6723247232472325
0.6735294117647059
0.673992673992674
0.6748175182481752
0.6756363636363636
0.6764492753623188
0.6776173285198556
0.6784172661870503
0.678494623655914
0.6785714285714286
0.6793594306049822
0.6801418439716312
0.6802120141342756
0.6799295774647888
0.6807017543859649
0.6814685314685315
0.6818815331010453
0.6826388888888889
0.683044982698962
0.6820689655172414
0.681786941580756
0.6815068493150684
0.6819112627986348
0.6806122448979591
0.6810169491525424
0.6814189189189189
0.6808080808080809
0.6805369127516778
0.6806020066889632
0.681
0.6810631229235881
0.6811258278145695
0.6815181518151815
0.6815789473684211
0.6816393442622951
0.6813725490196079
0.6817589576547232
0.6821428571428572
0.6818770226537216
0.6829032258064516
0.6832797427652733
0.6836538461538462
0.6846645367412141
0.6843949044585987
0.6853968253968254
0.6860759493670886
0.6861198738170347
0.6867924528301886
0.6870492317340859
0.6880275085964364
0.6886880648177002
0.6893445169307238
0.6899969030659647
0.6906452608829886
0.690981840566328
0.6910095121202823
0.6913429183236464
0.6916742909423604
0.6910915171784737
0.6917247650803273
0.6920519794499849
0.6926785176257909
0.6927005106638631
0.6933213536987122
0.6939384891012242
0.6945519499851146
0.695161769070941
0.6960639242379402
0.6963706107996459
0.696969696969697
0.6975652684071575
0.6978648727698157
0.6978710994459026
0.6970049432974702
0.6964337489127284
0.6967331598727956
0.6967425771115595
0.6970393791319345
0.6979077099455432
0.697342097742212
0.6973496722713024
0.697641375390736
0.6976480589402096
0.6973721390223226
0.6976613130459284
0.6979488620398988
0.6979546091342113
0.6979603241128807
0.6974087489551407
0.6979716587941095
0.6985314491548905
0.6985355070461453
0.6988151005786718
0.6988183566913987
0.6985475472732255
0.6988248155233671
0.6988280185336604
0.6985593911388964
0.6991054486310654
0.6991078669910786
0.6991102723105959
0.6993815541812315
0.6996513810673103
0.7001872158331105
0.7004534542544678
0.7001862197392924
0.6999204032899974
0.7007144747287642
0.7015043547110056
0.7020268491708345
0.7020215279600945
0.7028017805708301
0.7033167928963175
0.7035686376660588
0.7038191738113796
0.7038092770147707
0.7045748255363143
0.7050786285125032
0.7050655695551555
0.7055655296229802
0.7055512918905091
0.7050267925491197
0.7052685161618732
0.7047473978167047
0.7054950620410231
0.7057337711543319
0.7054673721340388
0.7062075898466952
0.7061920280772124
0.706176544136034
0.7066600149663258
0.7073898979845733
0.7071233556713825
0.7073533052735825
0.7078290936033589
0.7080561714708056
0.7080363725731138
0.7077715126256435
0.7075079481535828
0.7072456696755306
0.707471404234607
0.7079388201019665
0.7081617825139259
0.708142063300314
0.7088455049409497
0.7090646790093773
0.7092828016310866
0.709978463747308
0.7106708044879446
0.7111216956418195
0.7110952720361131
0.7108319506992178
0.711042799716245
0.7114885586223166
0.712167568839727
0.7128433904672459
0.7130475521199344
0.7127833605982706
0.7129867101888552
0.7131891137473831
0.7136226502668833
0.7140541792081501
0.7147147147147147
0.7153065928999539
0.7157313707451702
0.7163836622303809
0.7168040293040293
0.7172224760164458
0.71718322698268
0.7178262846748522
0.7182395644283122
0.7184246265278407
0.7190605239385727
0.7196935556557008
0.7200989208633094
0.7202781516375056
0.7209042076991943
0.7208575256811076
0.7210338680926917
0.7214317474433082
0.7218278615794144
0.7220008853474988
0.7223939929328622
0.7225650066108418
0.7229551451187335
0.7231241772707327
0.7237302977232924
0.7238968982088249
0.7242807323452485
0.7248803827751196
0.7248263888888888
0.7247726288436552
0.7253673292999135
0.7257438551099612
0.7263339070567987
0.7264920566766853
0.7268637532133676
0.7270200940572894
0.7273890784982935
0.7277564921243083
0.7276975361087511
0.7280627384484951
0.7280033840947546
0.7285774588433939
0.7280960404380792
0.7282471626733922
0.7281879194630873
0.7285475094181666
0.7291144527986633
0.7294706127553147
0.7296173044925125
0.7297633872976339
0.7303231151615576
0.7308805291442745
0.731023102310231
0.731576780568135
0.7319227608874281
0.7320623206232062
0.7326104746317512
0.7329522253981217
0.7332925835370823
0.733631557543717
0.7335633116883117
0.7339003645200486
0.7340339531123686
0.7343686970552642
0.7347020933977456
0.7348332663720369
0.7351643945469126
0.7356942777110844
0.7362220447284346
0.7365484256675967
0.736873508353222
0.7371973005160778
0.7377179080824089
0.738236457097667
0.7383583267561168
0.7386766443481686
0.7389937106918238
0.739309533150255
0.7394283476898982
0.7397420867526378
0.7402496099843994
0.7407551576488907
0.7408702408702409
0.741178751454052
0.7416795665634675
0.7417921977597528
0.7419043947571319
0.7422085417468257
0.7423195084485407
0.7428133384438482
0.7431140015302219
0.7434135166093929
0.7439024390243902
0.7441993153290224
0.7446848899012908
0.7447896930655551
0.744894099848714
0.7451868629671574
0.7456669178598342
0.7457690861226025
0.7460585585585585
0.7463469464218808
0.7464472700074795
0.7469204927211646
0.7472056631892697
0.7474897731498699
0.7477728285077951
0.7480548351241201
0.7483357988165681
0.7488002953119233
0.7487103905674282
0.7489885987495403
0.7494493392070485
0.7499083913521436
0.7501828822238479
0.7506389193136181
0.750728862973761
0.7506365951255002
0.7505446623093682
0.7506342877854295
0.7507235890014472
0.7508125677139762
0.7507209805335257
0.7511694854264124
0.751257183908046
0.7513445679455002
0.7517895490336435
0.751697034655234
0.7517831669044223
0.7520469918120327
0.7524875621890548
0.7525718339836821
0.7528328611898017
0.7530929657122658
0.7531757233592096
0.7534343078548785
0.7538677918424754
0.7539487539487539
0.7543798177995795
0.7546344875830711
0.7550628491620112
0.7553154409201812
0.7550452331245651
0.7554706495310872
0.7555478502080444
0.7556247836621668
0.7557014512785073
0.7559503276992067
0.7558539944903582
0.7562736335510485
0.7558339052848319
0.7557382665296334
0.756155950752394
0.7560600887674974
0.7557941376959781
0.7558693433140524
0.7556046195652174
0.7556798914886402
0.7555856465809072
0.7551537681649206
0.7552294197031039
0.7553048164365106
0.7552118359112306
0.7552870090634441
0.755529490616622
0.7556038808966209
0.7560120240480962
0.7562520840280094
0.7566577896138482
0.7562313060817547
0.7559721300597213
0.7557138125207022
0.7554563492063492
0.7555298778474744
0.7557679630850362
0.7561697926949654
0.7565703022339028
0.7564775336175795
0.7565487884741323
0.7566198103955541
0.7570169712793734
0.7570869990224829
0.7574821080026025
0.757551152971744
0.7574578469520103
0.7573648429912593
0.7575953458306399
0.7573410777670216
0.7570876288659794
0.7573174654229656
0.7575465639049455
0.757774927861494
0.757842509603073
0.7580696708213487
0.7579770261646458
0.7580439630455559
0.7582312708764116
0.758297602032714
0.7583637228476297
0.7582713313281622
0.7581792318634424
0.7585608332018305
0.7589412320781471
0.7590058203555136
0.7590702057483901
0.7591343892112279
0.7588852356348833
0.7587931843051431
0.7585453410332449
0.7586099423406576
0.7588299362066283
0.7592045984154109
0.7595780983403133
0.7599504413814465
0.7598577392917891
0.7599197159178632
0.7598273470016957
0.7601970140064646
0.760411864146304
0.7604726100966702
0.7605331699096063
0.7602875936974147
0.7605009928211395
0.7607137410401098
0.7607735647936653
0.7609852516344838
0.7611962957340216
0.7612551159618008
0.7616164673830785
0.7615233489496751
0.7617323072280067
0.7617899653457888
0.7618474499774335
0.7619047619047619
0.7621118944052797
0.7621686386101543
0.762374756991177
0.7625802598178288
0.7627851498434471
0.7631383057912758
0.7631931024230713
0.7630993023601009
0.7631539943678672
0.7630605298209264
0.7631151174818974
0.7633171019625203
0.76351849123324
0.7635721641900839
0.7637725870427501
0.7638257297931641
0.7640251940823202
0.7642240748866462
0.7642763253979845
0.7643284235088231
0.7643803698849571
0.7645775774320198
0.764629011180485
0.7646802957807742
0.7650209931953091
0.7653607055081683
0.7656994369857081
0.7657488828023641
0.7660860803224413
0.7661348282305591
0.7661834361992249
0.7662319048301562
0.7665664806068413
0.7664713448620838
0.7666619095190523
0.7667094199800485
0.7670414116977373
0.7670882478328833
0.7674187597559246
0.7677483349865382
0.7680769775010613
0.7682633884414299
0.7684492733173416
0.7686346343525433
0.7689601801041227
0.7691443023745961
0.7693279079556615
0.769651113913409
0.7696935777249195
0.769735922872712
0.7699176782475233
0.769959593144768
0.7702796716293308
0.7704599138529943
0.7706396558901069
0.7708188998198697
0.7709976477099765
0.7713140804200636
0.7716296398509728
0.7715309356483395
0.7714325030961883
0.7714717603407998
0.7717853712090024
0.7715499520350829
0.7717257424387574
0.7719010523438568
0.7722123652245121
0.7723865340057244
0.7725602286647612
0.7727334511349735
0.7726347224107506
0.7726718178121188
0.7727088127792067
0.7726105177774774
0.772782503037667
0.772954024538223
0.7732597280193887
0.773430146564475
0.7737343896871224
0.7737696124446829
0.7740725860452659
0.7742410057509697
0.7745425404033658
0.7745764972655729
0.7748767816704409
0.7750432353332446
0.7752092467118374
0.775374817566671
0.7755399496488671
0.7758369723435226
0.7757367516849478
0.7759007522766266
0.7756689073415052
0.7759641963933132
0.7762587090837386
0.7764211631876067
0.7765831912940868
0.7766138536074375
0.7767752059631228
0.7770667363197075
0.7772270770836051
0.7772567409144197
0.777546507089892
0.7775756788359101
0.7777345270533281
0.7778929635868861
0.7777921573702601
0.7780793589246477
0.77836581902672
0.7786515405440247
0.7786790266512167
0.7787064420727787
0.7787337870810325
0.7787610619469026
0.7790444472908928
0.7789433286427018
0.7789702312507986
0.7791246650504019
0.7794061424748312
0.7795596283568792
0.7798398372950299
0.7801193347721214
0.7802713325725879
0.7804229454223123
0.780700644998103
0.7807250221043325
0.7810016399646776
0.7812775607912309
0.7815527872153014
0.7815759708432827
0.7817246140328856
0.7819982449542434
0.7821459872292476
0.7824184069025885
0.7826901461221432
0.7828364724959461
0.7829824342842905
0.7832524573845963
0.783273269541444
0.7832940300359935
0.7834387008801289
0.7835830134951096
0.783726969209843
0.7839940718784735
0.7842605156037992
0.7844031045952938
0.7846683893195521
0.7849330219982794
0.7850742604639744
0.7853377467206081
0.7853556997673564
0.7853736089030207
0.7855136191523147
0.7854092960839332
0.7856707688558547
0.7859316052087136
0.7860702564725902
0.7860871676581279
0.7861040378319389
0.7861208671430302
0.7863795814684892
0.7866376706536184
0.7868951369615059
0.7871519826443293
0.786926688335139
0.7871828784417458
0.7874384532244506
0.7875734676742233
0.7877081586198634
0.7878425272226875
0.7880960917891717
0.788349050972902
0.7884821747943246
0.7886149815410266
0.7886285238491733
0.7887608411548057
0.7887741782366204
0.7886689581604835
0.7889191428909672
0.7891687359583777
0.7894177394590765
0.7894302229562346
0.7895605043006951
0.7898081675885607
0.7899376983660514
0.7900669249735822
0.7903131230209921
0.7904416071219398
0.7905697905697906
0.7905808110319037
0.7908252597175207
0.7907193657455986
0.7906137184115524
0.7908572757938815
0.7909840827233647
0.7912266450040617
0.7913527298017851
0.7913627416927174
0.7914883774719556
0.7916137229987293
0.7918541594554056
0.791978794514233
0.79221825716588
0.792342186961021
0.7924658320891237
0.7927039118962946
0.7929414460868569
0.7931784365342796
0.7933005601920659
0.7934224049331963
0.7935439717121022
0.7937791956249288
0.7940138841470354
0.7941343639877231
0.7942545702282275
0.7944879210615856
0.7946074544012688
0.7948398777865792
0.7949587430767492
0.7950773399570961
0.7951956693357393
0.7952010814464346
0.7952064813772927
0.7952118691693829
0.7952172448635905
0.795334753840978
0.7954519995519211
0.795457088508448
0.7956857047054878
0.7958021659037624
0.7959183673469388
0.7957001225353681
0.795816178925114
0.7955985328442814
0.7957144443210836
0.7958300987024509
0.7960562756175916
0.796281951975213
0.7963965955565381
0.7965109859776968
0.7965148340134554
0.7967390106863501
0.7969626939584021
0.797185885456744
0.7974085868013616
0.7976307996051333
0.7978525254738688
0.7980737660063478
0.7982945227943588
0.7985147974227367
0.7986255045271081
0.7986270022883295
0.7988461957113312
0.799064912471458
0.7990659280981862
0.7991754366930671
0.7993930855099165
0.7995020028147667
0.7997188277279118
0.7998271578265097
0.7998273443401317
0.7999353239193705
0.8001507483579197
0.8003657093686135
0.8004727624368755
0.8005795857035527
0.8005789642972017
0.8007925457855842
0.800898684069755
0.8011114673506465
0.8012170385395537
0.801322384557961
0.8014275061254927
0.8015324039587102
0.8016370787711279
0.8014229584793459
0.8014214490293837
0.8014199427784253
0.8016301471366571
0.8018399069472348
0.8017323333685433
0.8019415426822835
0.8020449035522293
0.8020427503422133
0.8021457873146103
0.8023536828832616
0.8025611420174241
0.8027681660899654
0.802870011521944
0.8029716438212828
0.8031775896310233
0.8033831053565835
0.8035881923437989
0.8033760550171929
0.8035807223899241
0.803680981595092
0.803884907032305
0.8038808757912214
0.8040841712449466
0.8039763901832867
0.8040757215268439
0.8041748475767283
0.8042737689687209
0.8042693616582448
0.8042649634284537
0.8042605742513121
0.8043590007196464
0.8045599260552532
0.8046578434390069
0.8048580506303167
0.8048530766868025
0.8049503937813235
0.8050475120057219
0.8052465040318465
0.8052411542775568
0.8052358154222268
0.8053322478884706
0.805428484293992
0.8054229714633898
0.8056203713097291
0.8056146751798926
0.8058114812189936
0.8059067462324264
0.8060018187329494
0.8060966993035228
0.8061913885247555
0.8062858869749169
0.8063801952299486
0.8064743138634765
0.8065682434468213
0.8067623156416174
0.8067555377367946
0.8069490337438671
0.8070421126337901
0.807035075447187
0.8072277128880903
0.8074199660915528
0.8075122048420843
0.8077037921767691
0.8077955652779159
0.8079864905135592
0.8079785650491218
0.8080697928026173
0.8080618005348124
0.8082517067379045
0.8084412375210043
0.8085316480695172
0.8087205287560422
0.8088104858578891
0.808801811558531
0.808891511753713
0.8089810356686646
0.8091685481496025
0.8091595567323723
0.8092485549132948
0.8091416267005971
0.8093282487533001
0.8095145062029891
0.8097004001171074
0.8098859315589354
0.8098763027174443
0.8100613019363627
0.8100515213376106
0.8099446440710887
0.8100320170757738
0.8101192207036929
0.8102062554468868
0.8101963819289929
0.8101865274958925
0.8103697982041131
0.8105527153467734
0.8106389129806303
0.8107249446423413
0.8108108108108109
0.8108965119631018
0.8108860516463473
0.8109715162558742
0.8109610041199579
0.8111419546281229
0.8112269293296357
0.8113117416642782
0.8113963920969743
0.8112901687803947
0.8113746784795656
0.8115542019605977
0.8115432157459351
0.8117222380545265
0.8117111132200816
0.8117000094813691
0.8117836506583309
0.8117724992902432
0.8118559137751725
0.8118447152167753
0.8118335377937153
0.8120109361742246
0.8121880003767543
0.812270631410558
0.812447118548463
0.8124354278200432
0.812236088955616
0.8124121121214962
0.8125878055633605
0.8125760269486292
0.8127512386650463
0.812739329410666
0.8126341326863861
0.8125291320965787
0.8126105988637422
0.812691914022518
0.8127730779957237
0.8127612148230705
0.8126565834647861
0.8128302586446648
0.8129109937945725
0.8129915795317849
0.8128871221225848
0.8129675810473815
0.8130478914828827
0.8128514796717986
0.8129317491019619
0.8129946622492178
0.8129827142331739
0.8130626492742973
0.8131424375917768
0.813222079589217
0.8131183583730304
0.8131978766245652
0.8132772494513534
0.8134478348255071
0.8135268346111719
0.813423308407806
0.8135932944606414
0.813671946113235
0.813750454710804
0.8139196801744503
0.8139978213507625
0.8141665155087974
0.8140630663283799
0.814140865471664
0.8140376266280752
0.8142056750406651
0.8141025641025641
0.8139094353238319
0.8138968997837058
0.8137943453988835
0.8137819359481828
0.8137695488046018
0.8136673850574713
0.8136551229140498
0.8138221584797418
0.8138097796883396
0.8137079455977094
0.8137850885034865
0.8137727759914255
0.8136712475459575
0.8136590584878745
0.813646891145555
0.8135457458170168
0.8136226213764894
0.8137882018479033
0.8136872004260607
0.8135863781482795
0.8135743398901294
0.8134737960339944
0.8136387758712188
0.8137150936726758
0.8138795691329684
0.8139555398729711
0.8140313766966332
0.8141070799577316
0.8140946683089917
0.8141701828410689
0.8142455647286141
0.8144085644085645
0.8143959319656321
0.8145585143658024
0.8146332924908104
0.8146204966771599
0.8143456229250393
0.8145076815642458
0.8144950287807431
0.8145695364238411
0.8143827267978409
0.8144572025052192
0.8145315487571702
0.8145189301840917
0.8146798542425819
0.8146671289875174
0.8147410358565738
0.8147282796815507
0.8148020058793014
0.814875604699378
0.8150353875366823
0.8151086581579855
0.8151818025159401
0.8152548209366391
0.8153277137450542
0.8153145410794087
0.8153013910355487
0.8151166781056967
0.8151037202125836
0.815176430284344
0.8152490159164812
0.8150649794801642
0.8151375363061678
0.8151246159098668
0.815111717550742
0.8151840490797546
0.8153413928145752
0.815413405920381
0.8154003059663437
0.8153872282608695
0.8152893263193619
0.8152763648694473
0.815263425376927
0.8151658767772512
0.8151530525959749
0.8150557620817844
0.8152118858686477
0.815114709851552
0.8151019720209001
0.8150892556416302
0.815160693252566
0.8151479488903833
0.8152192172014111
0.8153742866733803
0.8151936944491028
0.815264745308311
0.8153356772141302
0.8153228504516561
0.8154771853585158
0.8155477621910487
0.8157016519272484
0.8156885628542848
0.8157587872730302
0.8159121171770972
0.8159820389156827
0.8161349285476902
0.8159555039017101
0.8159422694094227
0.8159290568539699
0.8159158661808545
0.8159026973357604
0.8159722222222222
0.8160416322484718
0.8161109276989106
0.8160151740062676
0.8160843770599868
0.8162357977935123
0.8163047054952287
0.8162913036330758
0.816277923784494
0.8163466272772033
0.8163332240078714
0.8164017696214976
0.8164702030124427
0.816456731555701
0.8165250081726054
0.8166748325983995
0.8164980417754569
0.8166476438936898
0.8167155425219942
0.8167833306202181
0.8167696811971373
0.8166747927840078
0.8168236440402729
0.8168911244523771
0.816958495460441
0.8168637615421999
0.8169310456458401
0.8170790878214459
0.8171460892049127
0.8172129823994833
0.8171184252984833
0.8171852329517976
0.8172519329896907
0.8172380492515693
0.8171437761338051
0.8172103487064117
0.8171965317919075
0.8173431734317343
0.8172491183071497
0.8173153932404292
0.8173015364916774
0.8173676635215097
0.8174336848833493
0.8175794347756666
0.817724952137843
0.8178702375259047
0.8178560050971647
0.8179213751392647
0.8180661577608143
0.8179723502304147
0.8181168624960304
0.8181818181818182
0.8182466708941027
0.8183906225249485
0.8183760683760684
0.8183615372449786
0.8184260429835651
0.8184904468656246
0.8184758598927107
0.8185401229702034
0.8186042848141147
0.818668345663466
0.8185750235923246
0.8187175860443188
0.8187028894472361
0.8188451278832575
0.8186735653809972
0.8188156039479868
0.8188008766437069
0.8188643829188175
0.8188496405126602
0.8189910979228486
0.8190543071161048
0.8188835178543583
0.8189467123714553
0.8190098085007006
0.8189950217797137
0.8190579822788746
0.8191208449829139
0.8191836101195096
0.8193238213399504
0.8192313652564699
0.8191390523381852
0.8192016091598329
0.8191867656153371
0.8192491889386683
0.8192343315838222
0.8193737467221965
0.8195129469790382
0.8193439088248884
0
0.36363636363636365
0.6666666666666666
0.7096774193548387
0.7317073170731707
0.7450980392156863
0.7377049180327869
0.7323943661971831
0.7037037037037037
0.7032967032967034
0.7029702970297029
0.6756756756756757
0.6916666666666667
0.6923076923076923
0.6857142857142857
0.6933333333333334
0.7
0.7
0.7
0.7052631578947368
0.705
0.7095238095238096
0.7090909090909091
0.7130434782608696
0.7125
0.72
0.7269230769230769
0.725925925925926
0.7357142857142858
0.7379310344827587
0.74
0.7419354838709677
0.746875
0.7484848484848485
0.7558823529411764
0.7628571428571429
0.7638888888888888
0.7675675675675676
0.7710526315789473
0.7717948717948718
0.775
0.7731707317073171
0.7738095238095238
0.7767441860465116
0.7704545454545455
0.7711111111111111
0.7652173913043478
0.7638297872340426
0.7666666666666667
0.7653061224489796
0.77
0.7745098039215687
0.7788461538461539
0.7811320754716982
0.7796296296296297
0.78
0.7839285714285714
0.7842105263157895
0.7810344827586206
0.7830508474576271
0.7866666666666666
0.7901639344262295
0.7919354838709678
0.7952380952380952
0.796875
0.8
0.8
0.8014925373134328
0.8044117647058824
0.8072463768115942
0.8071428571428572
0.8084507042253521
0.8055555555555556
0.8082191780821918
0.8108108108108109
0.8133333333333334
0.8157894736842105
0.8168831168831169
0.8192307692307692
0.8202531645569621
0.82125
0.8209876543209876
0.8219512195121951
0.8240963855421687
0.8261904761904761
0.8282352941176471
0.8290697674418605
0.8298850574712644
0.8318181818181818
0.8337078651685393
0.8344444444444444
0.8362637362637363
0.8380434782608696
0.8387096774193549
0.8393617021276596
0.84
0.8416666666666667
0.8422680412371134
0.8418367346938775
0.8414141414141414
0.842
0.8435643564356435
0.8450980392156863
0.8466019417475729
0.8461538461538461
0.8476190476190476
0.8481132075471698
0.8485981308411215
0.8481481481481481
0.8458715596330275
0.8472727272727273
0.8486486486486486
0.8491071428571428
0.8486725663716814
0.8482456140350877
0.8486956521739131
0.8491379310344828
0.8487179487179487
0.847457627118644
0.8478991596638655
0.8483333333333334
0.8487603305785124
0.8491803278688524
0.8479674796747968
0.8491935483870968
0.8488
0.8492063492063492
0.8488188976377953
0.84765625
0.8465116279069768
0.8469230769230769
0.8480916030534351
0.8477272727272728
0.8488721804511278
0.8492537313432836
0.8496296296296296
0.850735294117647
0.8518248175182481
0.8514492753623188
0.8517985611510791
0.8528571428571429
0.8531914893617021
0.854225352112676
0.8552447552447553
0.8555555555555555
0.856551724137931
0.8561643835616438
0.8551020408163266
0.8554054054054054
0.8563758389261745
0.8573333333333333
0.856953642384106
0.8572368421052632
0.857516339869281
0.8564935064935065
0.8561290322580645
0.8564102564102564
0.8573248407643312
0.8582278481012658
0.8591194968553459
0.85875
0.8596273291925466
0.8592592592592593
0.8595092024539878
0.8591463414634146
0.86
0.8608433734939759
0.8610778443113772
0.861904761904762
0.8627218934911243
0.8635294117647059
0.8631578947368421
0.8639534883720931
0.8647398843930636
0.8649425287356322
0.8657142857142858
0.865909090909091
0.8655367231638418
0.8657303370786517
0.8653631284916201
0.8655555555555555
0.8662983425414365
0.865934065934066
0.8666666666666667
0.8673913043478261
0.867027027027027
0.8672043010752688
0.8673796791443851
0.8680851063829788
0.8682539682539683
0.8673684210526316
0.8675392670157068
0.8682291666666667
0.8678756476683938
0.8680412371134021
0.8682051282051282
0.8688775510204082
0.8695431472081219
0.8702020202020202
0.870854271356784
0.869
0.8686567164179104
0.8688118811881188
0.8689655172413793
0.8696078431372549
0.8702439024390244
0.8703883495145631
0.8710144927536232
0.8711538461538462
0.8717703349282296
0.871904761904762
0.8725118483412322
0.8731132075471698
0.8727699530516432
0.8728971962616823
0.8730232558139535
0.8731481481481481
0.8737327188940092
0.8733944954128441
0.873972602739726
0.8740909090909091
0.8746606334841629
0.8752252252252253
0.8748878923766816
0.8754464285714286
0.8755555555555555
0.8761061946902655
0.8762114537444934
0.8758771929824561
0.8759825327510917
0.8765217391304347
0.8766233766233766
0.8767241379310344
0.8772532188841202
0.8777777777777778
0.8782978723404256
0.8788135593220339
0.8793248945147679
0.8798319327731092
0.8803347280334728
0.8808333333333334
0.8804979253112033
0.8801652892561983
0.8806584362139918
0.8811475409836066
0.8816326530612245
0.8817073170731707
0.8821862348178138
0.8826612903225807
0.8827309236947791
0.8828
0.8828685258964143
0.8833333333333333
0.883399209486166
0.8838582677165354
0.883921568627451
0.883984375
0.8840466926070039
0.8844961240310077
0.8845559845559846
0.885
0.88544061302682
0.8858778625954199
0.8863117870722433
0.8859848484848485
0.8864150943396226
0.8860902255639098
0.8861423220973783
0.8861940298507462
0.8866171003717472
0.8870370370370371
0.8874538745387454
0.8878676470588235
0.8879120879120879
0.8883211678832117
0.8883636363636364
0.888768115942029
0.8891696750902527
0.889568345323741
0.889247311827957
0.8892857142857142
0.8896797153024911
0.8900709219858156
0.8904593639575972
0.8904929577464789
0.8908771929824562
0.8912587412587413
0.8912891986062718
0.8913194444444444
0.8916955017301038
0.8913793103448275
0.8907216494845361
0.8907534246575343
0.8911262798634813
0.8908163265306123
0.8905084745762711
0.8908783783783784
0.8912457912457913
0.8912751677852349
0.8909698996655518
0.8906666666666667
0.8900332225913621
0.8897350993377483
0.8900990099009901
0.8904605263157894
0.8901639344262295
0.8895424836601307
0.8899022801302932
0.8899350649350649
0.8893203883495145
0.8896774193548387
0.8897106109324758
0.8897435897435897
0.8900958466453675
0.8901273885350318
0.8904761904761904
0.8908227848101266
0.8908517350157729
0.8908805031446541
0.8908748824082785
0.891216005001563
0.8915550015581178
0.8915812364088226
0.8916073087643234
0.8916332201296696
0.891658971991382
0.8916845658177355
0.8920159070052004
0.8920402561756633
0.8920644572818486
0.8917853895119733
0.8918102145663342
0.8918348900271166
0.8921598077500751
0.8918837975441749
0.8922066288444311
0.8925275379577255
0.8922528940338379
0.8925717667949097
0.8925936854529359
0.8929096793174464
0.892930478146084
0.8929511553085697
0.8923884514435696
0.8918290200639721
0.8915627718179182
0.8915871639202082
0.8913231478812338
0.8910606496119574
0.8913728862138148
0.8908259502715061
0.890567113137646
0.8908780903665814
0.8906205724001134
0.890647075445041
0.8909551986475064
0.8912615903343636
0.8910058840011208
0.8910310142497905
0.8907773753134578
0.8908030008335649
0.8908284843446939
0.8905775075987842
0.8906034720308625
0.8903544929925804
0.8898328309125788
0.889860617655097
0.8898882529299537
0.889372111986953
0.8894009216589862
0.8896999188969992
0.889727689404152
0.8897553105673568
0.8897827835880934
0.8895426584648302
0.8895705521472392
0.8893322692205374
0.8890952507296365
0.889124106906589
0.8894167326471365
0.889181363516715
0.8892097663428722
0.8894998690756742
0.889527291721076
0.8895545715029956
0.8893219017926735
0.8890904379372895
0.8893771000258465
0.8894044856921887
0.8891745950115711
0.8892023595793793
0.8892299820926068
0.8892574636386833
0.8895393229829474
0.889058136582889
0.8893390731830844
0.8891134124778984
0.8888888888888888
0.8891681326966574
0.8889445976435196
0.8889722430607652
0.8889997505612373
0.8892759392883802
0.889054355919583
0.8893290418420401
0.8893553963941714
0.8891352549889135
0.8889161956254608
0.888698210345673
0.888481291269259
0.8882654305928275
0.888293988805062
0.8885651857246905
0.8885928796318722
0.888620439719739
0.8888888888888888
0.8891560471267131
0.8891820580474934
0.8894472361809045
0.8897111482454046
0.8899738032864968
0.8902352102637205
0.8900213320692107
0.8902813903996216
0.8905402217504128
0.8907978347846552
0.8910542380840573
0.891309440149918
0.8910960504790839
0.8911168104453252
0.8909048615957199
0.8911580413088884
0.8914100486223663
0.8916608916608917
0.8918856615952052
0.8921343146274149
0.8923818265259293
0.8926282051282052
0.8928734582000913
0.8926618049225159
0.8926784902228285
0.8926950998185118
0.8929379809868719
0.8929539295392954
0.893195132942767
0.8932104316546763
0.8934499775684164
0.8936884512085944
0.8934792317999106
0.8937165775401069
0.8939528679413072
0.8941881100266194
0.8944223107569721
0.894434628975265
0.8944468929043632
0.8944591029023746
0.8942518648530057
0.8944833625218914
0.8942769768457842
0.8942894507410637
0.8945193562418443
0.89453125
0.8945430922477263
0.8947709593777009
0.894997843898232
0.895223752151463
0.8950193215972521
0.8952442159383034
0.8950406156477126
0.8952645051194539
0.8954874414644529
0.8957094307561597
0.8957185247986434
0.8957275803722504
0.8959476572393414
0.8957455770850885
0.8959646910466582
0.895763422818792
0.8959815822519883
0.8961988304093568
0.8964151729887453
0.8962146422628952
0.8964300539643005
0.8966445733222866
0.8968582058701943
0.8970709570957096
0.8972828324413339
0.8972884141331142
0.8972939729397293
0.8975040916530278
0.8975091874234381
0.8977180114099429
0.8977226514843433
0.8977272727272727
0.8979343863912516
0.8977364591754244
0.8977410246066962
0.8979468599033816
0.8981518682201688
0.8983560545308741
0.8981592637054822
0.8983626198083067
0.8985651654045437
0.8987669053301511
0.8987693529178246
0.8989698890649762
0.8991696322657177
0.8993685872138911
0.8993698306419851
0.8995676100628931
0.8997646135739505
0.8997650743931088
0.8999609222352482
0.9001560062402496
0.9003503308680421
0.9005439005439005
0.9005428460643661
0.9005417956656346
0.9003476245654692
0.9003469545104086
0.900538668718738
0.9003456221198156
0.9005366040628593
0.9007268553940322
0.900725467735777
0.9009146341463414
0.9011030810193991
0.9012908124525436
0.9014778325123153
0.901285930408472
0.9014722536806342
0.9016578749058025
0.9016547574276044
0.9018393393393394
0.9020232296740353
0.9020194465220643
0.9022023142963792
0.9023845007451565
0.9025660096690219
0.902746844840386
0.9027417562060023
0.9029215976331361
0.9031007751937985
0.9029108327192336
0.9029054799558661
0.9030837004405287
0.9032612678636863
0.9034381858083395
0.9036144578313253
0.9034256559766763
0.9034194252455439
0.9035947712418301
0.9035882566147154
0.9037626628075254
0.903755868544601
0.9037490987743331
0.9037423533645196
0.9035560344827587
0.9033703836500537
0.9035433070866141
0.9033583422650947
0.9031740370898717
0.9033463866144535
0.9035181236673774
0.9036892515076268
0.9038597733711048
0.9040296924708378
0.9040225829216655
0.9041916167664671
0.9043600562587905
0.9045279045279045
0.9046951646811493
0.9046869534802379
0.9048533519553073
0.9048448936911816
0.9048364648573417
0.9050017367141369
0.90499306518724
0.9049844236760125
0.9048030407740152
0.9047947568126941
0.9044421487603306
0.9046063939498109
0.9042553191489362
0.9040767386091128
0.9042407660738714
0.9042335268009559
0.9042263122017723
0.9042191221503912
0.9038722826086957
0.9040352661919294
0.9040284360189573
0.9038526529232849
0.9036774628879892
0.9038396766588077
0.9038332212508406
0.9036589459550185
0.9038203753351206
0.9036467045834727
0.9038076152304609
0.9039679893297766
0.9041278295605859
0.903954802259887
0.9037823490378235
0.9036104670420669
0.9032738095238095
0.9031033344338065
0.9027686222808174
0.9029285949325436
0.9030880420499343
0.9030829780255821
0.9029142108709889
0.9029094475318732
0.9030678851174935
0.9028999674160965
0.9030579050097592
0.9030529392659955
0.9030479896238651
0.9027193266429265
0.9027149321266968
0.9028718941594063
0.9027061855670103
0.9028626568028305
0.9030186255619782
0.903174094260981
0.9033290653008963
0.9033237456056248
0.9033184428844927
0.9033131570563874
0.903451566724988
0.9034460854375099
0.9034406215316315
0.9032768719328795
0.9027975343764817
0.9029509231497554
0.9031038285804317
0.9030989460437313
0.9032511386838386
0.9032460404578956
0.9029278221387192
0.9029232452712209
0.9027626034025285
0.9029141343306841
0.9029096001244749
0.9030604318782042
0.903210795718939
0.9033606938206598
0.9032008659347456
0.9031959240389069
0.9030368429166025
0.9031860858857934
0.9031811894882434
0.9031763081172318
0.9030182319595527
0.9030136148080159
0.9030090117611119
0.9030044227543084
0.9029998477234659
0.9031473316101566
0.9031425535144982
0.903137789904502
0.9032843953382775
0.903128305878797
0.9031235853327297
0.9031188790116016
0.903114186851211
0.9031095087877422
0.903254837258137
0.9033997304178524
0.9035441902198296
0.9036882186053457
0.9036827195467422
0.9038261128479976
0.903523115801992
0.9035178862995399
0.9035126722987995
0.9033594790587539
0.9033545145559332
0.9033495647041464
0.9034919699425372
0.9036339561571282
0.90362861759953
0.9037699867977116
0.9039109418485426
0.903905221588416
0.9038995180370966
0.9037479947498906
0.9037425367700597
0.9038825069070816
0.9040220705677363
0.903871248368856
0.9040104242073259
0.9041491976290299
0.9042875703767865
0.9042813896497045
0.9044191737440622
0.9042690815006468
0.904119420123439
0.9041135158377526
0.9042507513954486
0.9043875946834358
0.9045240473811902
0.9045176001140088
0.9046534794364594
0.9046468665624556
0.9047821768128281
0.9049171035850928
0.9050516485071459
0.9050445103857567
0.9051784958374488
0.9053121037057912
0.9054453355846349
0.9055781930588731
0.905710677704504
0.9058427910886927
0.905694697075696
0.9058264636020679
0.9059578624250035
0.9060888950815104
0.9062195631000417
0.9062109212171738
0.9062023033162203
0.906193709297492
0.9063235090632351
0.906452950117452
0.9065820339450807
0.9065729640347251
0.9064263107196917
0.9065548989968394
0.9065459036640593
0.9063998903659038
0.9065279868619133
0.906519065190652
0.9066466493790092
0.9067738857843806
0.9069007758268681
0.9070273209188527
0.9070177820008144
0.9071438254032804
0.9071341545959117
0.9071245099364608
0.9071148913190226
0.9071052986382635
0.9072303756563889
0.9073551163103402
0.9074795219551497
0.9074694917527155
0.9075934110084372
0.9077169987963086
0.9078402564445038
0.9078297985861011
0.9079525775942454
0.9079419981375548
0.9079314467915505
0.9079209234443413
0.9079104279846296
0.9080322879449517
0.908153825822651
0.9081430645374159
0.908000527217609
0.9081216269580097
0.9082424083081373
0.9083628725219903
0.908483020846991
0.9084719130548645
0.9085916045508042
0.9087109834138697
0.9088300508673536
0.9088185489123356
0.908937166644985
0.9090554761595426
0.9090437264824186
0.9091615912919528
0.9091497346965187
0.9092671578131059
0.909384277784949
0.9095010957844527
0.9093601132998583
0.9094766619519095
0.9094644921022217
0.9094523534692831
0.9095683361086204
0.9094281693744404
0.9094161236744602
0.9095317085619498
0.9096469988530649
0.9096347206312843
0.9097495868819118
0.909864161482798
0.9099784455432991
0.9099658098011904
0.9100796762362464
0.9101932550208413
0.9103065472435978
0.9104195539876527
0.9105322763306908
0.9106447153449793
0.9107568720974017
0.9108687476494923
0.9109803430574683
0.9110916593722646
0.9112026976395654
0.9113134588998378
0.9112993646443254
0.9114097299987558
0.9115198210513235
0.9115055231475735
0.9116152225114664
0.9117246502414262
0.9118338073451218
0.9119426948252439
0.9120513136795362
0.9120364666748799
0.9121447028423773
0.912252672975298
0.9122376334847183
0.9123452249601569
0.9123301089751439
0.91243732420203
0.9124221326493221
0.9124069781627425
0.9125137078104057
0.9126201776804187
0.9126048377294275
0.9125895350248877
0.9124530132169274
0.9125590408138549
0.9126648119027458
0.912770327413314
0.9127549173404127
0.9128600699047849
0.9128445889009269
0.9129493807863412
0.9130539209799448
0.9130382631642078
0.9130226428657002
0.9131267201148737
0.9132305485837218
0.9133341291631849
0.9133182305949684
0.9134214600452543
0.9134054954204829
0.9133895687299513
0.913373679838614
0.9133578286120659
0.9134604001420623
0.9135627291001537
0.913546710759419
0.9134127639495104
0.9135147873217863
0.9136165705543133
0.9136005642412132
0.9135845955148526
0.9136859387826903
0.9137870446292609
0.9137709137709138
0.9138716840014024
0.9139722189798062
0.9139559286463799
0.9138232211482473
0.9139234616726765
0.9139072847682119
0.914007195079494
0.9138750434681813
0.9138589788120876
0.913842951312594
0.913826960840938
0.9139263874466367
0.9140255848795666
0.9141245539311615
0.9141083132114523
0.9142069599173079
0.9143053802913846
0.9144035751117222
0.9145015451527985
0.9145992911855493
0.9146968139773896
0.9146800501882058
0.9147772587444457
0.9148742460452942
0.9148573377287712
0.9148404678096969
0.9149370534195305
0.9150334201880593
0.9151295688582098
0.915225500169549
0.9153212148583042
0.9153039359422578
0.9152866959558409
0.915156970856307
0.9151399348094863
0.9151229370158303
0.9151059773466412
0.9152010753892685
0.915072171869755
0.9151670951156813
0.9151501618845596
0.9152447864391658
0.9152278043889941
0.9153221319683988
0.9151939535400689
0.9151770844898413
0.915160252855717
0.9152542372881356
0.9153480137213678
0.915441582845142
0.9154245335099923
0.9155178118451528
0.9156108846535199
0.9157037526136239
0.9157964164010113
0.9158888766882618
0.9159811341450038
0.9160731894379314
0.9161650432308197
0.9162566961845414
0.916348148957082
0.9163303152612632
0.9164214885038684
0.9165124632633068
0.9166032401870176
0.9165852069077876
0.9165672127590322
0.9166576352010404
0.9167478618599112
0.916837893370823
0.9168197040077779
0.9168015539009389
0.9168912363910747
0.916980725745666
0.9170700225879316
0.917159127538412
0.9172480412149834
0.9173367642328724
0.9174252972046696
0.9175136407403445
0.9176017954472587
0.9175830041635529
0.9174576090434041
0.9175455417066155
0.9175268702777483
0.9176145423620709
0.9174896463841988
0.9174710936671263
0.9174525802691533
0.9175399597755901
0.9175214127101617
0.9175029048272948
0.9175899546269917
0.9175714135132286
0.9176582078551121
0.9176396339539287
0.9177261742145634
0.9178125328015115
0.9178987102862536
0.9178799622918195
0.9179658888772627
0.9180516358315042
0.9181372037172392
0.9182225930948159
0.9180994060643951
0.9181846570209222
0.9181657481543101
0.9182507530902669
0.9182318148801494
0.9183165751010677
0.9182976079527804
0.9183821247543188
0.9183631290689264
0.9183441726024569
0.9181190058781066
0.9179973215205521
0.9180817124626942
0.9181659298858846
0.9182499743247406
0.9182312506412229
0.9183150558573332
0.9182963038804136
0.9183798711261123
0.9184632675998774
0.9185464938246402
0.9184256143570919
0.9182031170418662
0.9181845934669788
0.9181661075531158
0.9180461054128161
0.9181292482499747
0.9180095267051789
0.9179912929027032
0.9179730959846263
0.9180559765585531
0.9179368123549005
0.9180195623676515
0.9180014102951546
0.9179832947569689
0.9180657484668744
0.918047604700211
0.9181298284338316
0.9181116568106645
0.9181936517472714
0.9182754826447934
0.9182572199460378
0.9183388239992013
0.9184202652837339
0.9185015442861413
0.9185826614909923
0.9186636173809287
0.9187444124366743
0.9188250471370447
0.918905521958957
0.9188867980588293
0.918967052537845
0.9190471483641396
0.9191270860077022
0.9192068659366677
0.9192864886173253
0.9191690459781432
0.9191501917969903
0.9192296354524909
0.9193089231373319
0.9192899872511523
0.9193690604487117
0.9193501027698933
0.9194289625501124
0.9195076682621862
0.9195862203571777
0.9196646192843911
0.9195480666212136
0.9196263501021699
0.9197044813842714
0.9195882295814315
0.9195692247986805
0.9195502568576136
0.9196281591943449
0.9196091709393441
0.9196868657581908
0.9197644105435937
0.9198418057297193
0.9197263178182519
0.9197073264657746
0.919688371645667
0.9197655424233688
0.9197465681098205
0.9197276301908507
0.9198045415349239
0.9198813056379822
0.9199579229224443
0.9199388554504634
0.9200152715471986
0.9198054734433108
0.919881871010765
0.9199581231559912
0.92003423029381
0.9201101928374655
0.9201860111986334
0.9201668720963307
0.9201477692526285
0.9201287025645879
0.9201096719296586
0.9200906772456786
0.9199773520807776
0.9200527953238428
0.9201280964490911
0.9202032558577209
0.9202782739494219
0.9201653047806894
0.9200525476212817
0.9201274960157495
0.9202023040179825
0.9202769720220829
0.9202580162662428
0.9202390959185579
0.9203135205747878
0.9202013610515521
0.9202756822203595
0.9202568158555876
0.9202379845681882
0.9202191882604254
0.9201076366335715
0.9201817001946788
0.9201630082430304
0.9202368835014343
0.9202181750947582
0.9201995012468828
0.920180861862139
0.9200700654558864
0.920143686101133
0.9200257684520523
0.9200073556454579
0.9199889766672791
0.919970631424376
0.9199523198239501
0.919842433125687
0.9198242723778144
0.9198975859546452
0.9199707655764663
0.9200438116100766
0.9198431515593654
0.9199161807580175
0.9198980520662662
0.9199708985085485
0.9200436125749591
0.9200254175744372
0.9200979502992925
0.9199891264951069
0.9198804997284085
0.9197720694645442
0.9198445689499367
0.9198266522210184
0.9195381562330868
0.9194304253785148
0.9193228885287232
0.9192155451601295
0.9191083947510336
0.9190912356321839
0.9190741073030684
0.9190570096808892
0.9190399426831453
0.9190229062276306
0.9190059002324334
0.9189889246159343
0.9188827413885419
0.9187767475035663
0.9187600213789417
0.9186543253826984
0.9187266583674195
0.9187988628287136
0.9186934138114682
0.9186768357573608
0.9186602870813397
0.9185552407932012
0.9186272775517424
0.9186991869918699
0.9186826770263111
0.9187544107268878
0.9188260179799048
0.9188974991194082
0.9187928910786557
0.9187763713080169
0.9186720533989109
0.9187434187434187
0.918726985796949
0.9187105816398038
0.9187817258883249
0.9186778593913956
0.9185741743840643
0.9186452513966481
0.9186289900575615
0.9186127570582084
0.9185094898136862
0.9184933890048712
0.9184773161828611
0.9183744355679055
0.9184452542078778
0.9184292649098474
0.9184999133899185
0.9184839044652129
0.918554383537956
0.9185383552176918
0.9185223545658553
0.9185926181441877
0.9185765983112183
0.9185606060606061
0.9185446413211766
0.9185287040220007
0.9185127940923923
0.9184111187371311
0.918395336876393
0.9182939362795478
0.9182782817046038
0.9180916552667578
0.9180762002391936
0.9181461249573233
0.9182159304110523
0.918200408997955
0.9182700493785119
0.9183395712827492
0.9183239843617202
0.9183084239130435
0.9182080434413711
0.9181078331637843
0.9180924953413518
0.9180771834800271
0.9180618975139523
0.9178776613720852
0.9179469863244977
0.9178475033738192
0.9178324624978932
0.9177332435163355
0.9177183240787481
0.9177034297242771
0.9176885603897195
0.9177576367908694
0.91774274693946
0.9178116621983914
0.9178804620793571
0.9177818668450987
0.9178505766337958
0.9179191716766867
0.9179876522609711
0.9179726575525176
0.9180409795102449
0.918025965379494
0.9180941293863296
0.9180790960451978
0.9180640876639549
0.9181320504313205
0.9180341455329024
0.9179364027823783
0.9179215621380109
0.917906746031746
0.9178919544027755
0.9178771871904919
0.9177799769091209
0.9177653263019117
0.9178330314506834
0.9179006252056597
0.9178859115567977
0.9178712220762155
0.9178565567044149
0.9178419153820925
0.9179092249713255
0.9178945645055665
0.9178799280222477
0.9179470415168356
0.9180140454025805
0.9180809399477807
0.9180661992499592
0.9180514825676116
0.9180367898420967
0.9181034482758621
0.9180887372013652
0.9181552452094836
0.9182216453026124
0.9182068741893644
0.9181921270046979
0.9181774036905147
0.918243571081999
0.9182288299935358
0.918214112707896
0.9181187479832204
0.9181041431565372
0.9181701030927835
0.9181554804442298
0.9179800578964297
0.9180459585408967
0.9178709055876686
0.9179367880635328
0.9178422571336967
0.9178279673234022
0.9177336747759283
0.9177994562609947
0.9178651326302333
0.9179307041353983
0.917996171027441
0.918061533556512
0.9180471487734947
0.9180327868852459
0.9180979643765903
0.9179246782138885
0.9179898380438234
0.918054894494685
0.9181198478123018
0.9181846982417234
0.9180911680911681
0.9179977858611419
0.9180625790139064
0.9180483183325439
0.9180340801514674
0.9180198644174681
0.9180056710775047
0.917991500078703
0.9179773513683548
0.918041804180418
0.9181061557788944
0.9181704064020084
0.9180777673251803
0.9181419395268683
0.9182060112711333
0.9182699827936806
0.9182557049077836
0.9183195377166953
0.9183052434456929
0.9181350382036488
0.9181209099407915
0.9181068036742955
0.9180149346608587
0.918000932690813
0.9180646163404784
0.9181282011485333
0.9181916873449132
0.9181001084766776
0.9180086714152988
0.9179947392851617
0.9179808286951144
0.9180441835315928
0.9181074405680766
0.9181706000308499
0.9182336621454994
0.9180656091175111
0
0.36363636363636365
0.6666666666666666
0.7419354838709677
0.7804878048780488
0.7843137254901961
0.7868852459016393
0.7887323943661971
0.7654320987654321
0.7692307692307693
0.7722772277227723
0.7567567567567568
0.7583333333333333
0.7615384615384615
0.7642857142857142
0.7733333333333333
0.76875
0.7705882352941177
0.7722222222222223
0.7789473684210526
0.775
0.780952380952381
0.7818181818181819
0.7869565217391304
0.7875
0.796
0.8
0.7962962962962963
0.8035714285714286
0.803448275862069
0.81
0.8096774193548387
0.815625
0.8121212121212121
0.8176470588235294
0.8228571428571428
0.8222222222222222
0.827027027027027
0.8289473684210527
0.8333333333333334
0.835
0.8341463414634146
0.8357142857142857
0.8372093023255814
0.8363636363636363
0.8377777777777777
0.8347826086956521
0.8340425531914893
0.8375
0.8367346938775511
0.838
0.8411764705882353
0.8442307692307692
0.8471698113207548
0.8481481481481481
0.8472727272727273
0.85
0.8491228070175438
0.846551724137931
0.8491525423728814
0.8516666666666667
0.8524590163934426
0.8548387096774194
0.8571428571428571
0.859375
0.8615384615384616
0.8606060606060606
0.8626865671641791
0.8647058823529412
0.8666666666666667
0.8671428571428571
0.8676056338028169
0.8652777777777778
0.8671232876712329
0.8689189189189189
0.8706666666666667
0.8723684210526316
0.874025974025974
0.8756410256410256
0.8772151898734177
0.8775
0.8777777777777778
0.8768292682926829
0.8783132530120482
0.8797619047619047
0.8811764705882353
0.8802325581395349
0.8816091954022989
0.8829545454545454
0.8842696629213483
0.8844444444444445
0.8857142857142857
0.8869565217391304
0.8870967741935484
0.8882978723404256
0.888421052631579
0.8895833333333333
0.8896907216494845
0.889795918367347
0.8888888888888888
0.89
0.8910891089108911
0.8921568627450981
0.8932038834951457
0.8932692307692308
0.8942857142857142
0.8952830188679245
0.8962616822429906
0.8972222222222223
0.8954128440366973
0.8963636363636364
0.8972972972972973
0.8973214285714286
0.8973451327433628
0.8982456140350877
0.8982608695652174
0.8991379310344828
0.9
0.8991525423728813
0.8991596638655462
0.8991666666666667
0.9
0.9008196721311476
0.9008130081300812
0.9016129032258065
0.9024
0.9031746031746032
0.9031496062992126
0.903125
0.9031007751937985
0.9030769230769231
0.9038167938931297
0.9030303030303031
0.9037593984962407
0.9037313432835821
0.9044444444444445
0.9051470588235294
0.9058394160583941
0.9050724637681159
0.9057553956834532
0.9064285714285715
0.9070921985815603
0.9077464788732394
0.9083916083916084
0.9083333333333333
0.9089655172413793
0.9095890410958904
0.9095238095238095
0.9094594594594595
0.9100671140939597
0.9106666666666666
0.9105960264900662
0.9111842105263158
0.9111111111111111
0.9110389610389611
0.9109677419354839
0.9108974358974359
0.9114649681528663
0.9120253164556962
0.9125786163522013
0.913125
0.9136645962732919
0.912962962962963
0.9134969325153375
0.9134146341463415
0.9139393939393939
0.9144578313253012
0.9143712574850299
0.9148809523809524
0.9153846153846154
0.9158823529411765
0.916374269005848
0.916860465116279
0.9173410404624277
0.9172413793103448
0.9177142857142857
0.9181818181818182
0.9180790960451978
0.9179775280898876
0.917877094972067
0.9177777777777778
0.918232044198895
0.9181318681318681
0.9185792349726776
0.9190217391304348
0.918918918918919
0.9188172043010753
0.9187165775401069
0.9191489361702128
0.919047619047619
0.9189473684210526
0.9193717277486911
0.9197916666666667
0.9196891191709845
0.9195876288659793
0.9194871794871795
0.9198979591836735
0.9203045685279188
0.9207070707070707
0.921105527638191
0.9205
0.9208955223880597
0.9207920792079208
0.9206896551724137
0.9205882352941176
0.9204878048780488
0.920388349514563
0.9207729468599034
0.9211538461538461
0.9215311004784689
0.9219047619047619
0.9222748815165877
0.9226415094339623
0.9225352112676056
0.9228971962616822
0.9232558139534883
0.9236111111111112
0.923963133640553
0.9238532110091743
0.9242009132420091
0.9245454545454546
0.9248868778280543
0.9252252252252252
0.9255605381165919
0.9258928571428572
0.9262222222222222
0.9265486725663716
0.9268722466960353
0.9267543859649123
0.9270742358078603
0.9273913043478261
0.9272727272727272
0.9271551724137931
0.9274678111587983
0.9277777777777778
0.9280851063829787
0.9283898305084746
0.9286919831223629
0.9289915966386555
0.9292887029288703
0.9295833333333333
0.9294605809128631
0.9293388429752066
0.9296296296296296
0.9299180327868852
0.929795918367347
0.9300813008130081
0.9303643724696357
0.930241935483871
0.9301204819277108
0.93
0.9302788844621513
0.9305555555555556
0.9308300395256917
0.9311023622047244
0.9305882352941176
0.930859375
0.930739299610895
0.9310077519379845
0.9312741312741313
0.9315384615384615
0.9318007662835249
0.9320610687022901
0.932319391634981
0.9321969696969697
0.9324528301886792
0.9319548872180451
0.9318352059925094
0.9317164179104478
0.9319702602230483
0.9322222222222222
0.9324723247232473
0.9327205882352941
0.932967032967033
0.9332116788321168
0.9330909090909091
0.9333333333333333
0.9335740072202167
0.9338129496402877
0.9333333333333333
0.9332142857142857
0.9334519572953737
0.9336879432624113
0.933922261484099
0.9341549295774648
0.9343859649122807
0.9346153846153846
0.9344947735191638
0.9347222222222222
0.9349480968858132
0.9344827586206896
0.934020618556701
0.9339041095890411
0.9341296928327645
0.9340136054421768
0.9342372881355933
0.9344594594594594
0.9346801346801347
0.9348993288590604
0.9347826086956522
0.935
0.9352159468438538
0.9350993377483444
0.9353135313531353
0.9355263157894737
0.9350819672131148
0.9349673202614379
0.9351791530944625
0.9353896103896104
0.9349514563106797
0.9351612903225807
0.935048231511254
0.9349358974358974
0.9351437699680512
0.9353503184713375
0.9355555555555556
0.9357594936708861
0.9356466876971609
0.9355345911949685
0.9354029476324867
0.9356048765239138
0.9354939233406045
0.9353836595215905
0.9352740786621245
0.9354739117011424
0.935672514619883
0.9355630561521939
0.9357601713062098
0.9356511131442513
0.9355427181514138
0.9354349802970597
0.9353278936234511
0.9355227478156071
0.935716431360769
0.9356094639113507
0.9358017318602568
0.935992855016374
0.9358860195903829
0.936075762059781
0.935969312481558
0.9361576934392468
0.9363449691991786
0.9362386662766891
0.9355497229512978
0.9351555684792091
0.9350536387358654
0.9349522983521249
0.9348515422311905
0.9344639264156367
0.9346517626827171
0.9342669334095456
0.9338842975206612
0.9340721795964763
0.9336922640974781
0.9335970613167561
0.9337841645533953
0.9336892385501545
0.9335948444942561
0.9335009779267952
0.9331290052939537
0.9333148096693527
0.9332224993072873
0.9334070185134015
0.9335905208046293
0.9334982137949986
0.9331323650315155
0.9330418147034709
0.9329517579721995
0.9323185648273987
0.9322309568988886
0.9324141659908083
0.9323267727150175
0.9325087389083087
0.9326897291499061
0.9326023000802354
0.9327820752200587
0.9326948656557595
0.9328734412310958
0.9330510717120931
0.9332277645816838
0.9328770729139247
0.9330532948280389
0.9332285938727416
0.9331418124836772
0.9330554831987496
0.9329696024941543
0.9328841668826121
0.9330576376324632
0.9329724155710235
0.9328876317819491
0.9328032828930495
0.932719365566641
0.932635876499107
0.9328073301094426
0.9327240416349327
0.9328944036464928
0.9330639050265218
0.9329805996472663
0.9331490324202061
0.9333166207069441
0.9332333083270817
0.9331504115739586
0.9333167454590694
0.9332340531149168
0.9331517702401585
0.9333168683625587
0.9329884207932988
0.9329073482428115
0.9325815150772249
0.9327463927610663
0.9329104659673091
0.9330737405694817
0.9332362223840738
0.9333979171712279
0.9333172263831844
0.9334779464931309
0.9336378937244529
0.9335572079635405
0.9337162000478584
0.9338744330389115
0.9340319123600858
0.9341886433832264
0.9341076084380184
0.9340269567273587
0.9341825902335457
0.934337491174394
0.9344916647100259
0.9346451159522137
0.9343304510399626
0.9344835626020052
0.9346359618515934
0.9347876537479693
0.9349386432044454
0.9350889350889351
0.9352236053480867
0.9353725850965962
0.9355208811381368
0.9354395604395604
0.9355870260392873
0.9355059252506837
0.9356525693497044
0.9355716878402904
0.9357175192394749
0.9356368563685636
0.9357818837314106
0.9359262589928058
0.9360699865410498
0.9362130707251567
0.9361322018758375
0.9362745098039216
0.9364161849710982
0.9365572315882875
0.936697653829128
0.9366166077738516
0.9365359189070075
0.9366754617414248
0.9365949978060553
0.9367338003502627
0.936435124508519
0.9363557105492589
0.9364941278816877
0.9364149305555556
0.9365526201818969
0.9366897147796024
0.9366106080206986
0.9367469879518072
0.9366680978960927
0.9368037703513282
0.9367250961949551
0.9368600682593856
0.9369944657300979
0.9371282922684792
0.937049597286986
0.9369712351945855
0.9371042634022795
0.93681550126369
0.9369482976040353
0.9370805369127517
0.9372122226873169
0.9373433583959899
0.9374739474781159
0.937396006655574
0.9375259443752595
0.9376553438276719
0.9377842083505581
0.9379125412541254
0.9380403458213257
0.937962202136401
0.9378843788437884
0.938011456628478
0.9381380155165374
0.9382640586797066
0.9383895892639285
0.9383116883116883
0.9384366140137708
0.9383589329021828
0.9384832593787817
0.9386070853462157
0.9387304138208116
0.9388532477947072
0.9387755102040817
0.9388977635782748
0.9390195296931049
0.9391408114558473
0.9390631202858277
0.9391838351822503
0.93930407275603
0.9394238358326756
0.9395431272154392
0.9396619496855346
0.9397803060023538
0.9397024275646045
0.9398202422821414
0.9399375975039002
0.9400544959128065
0.9401709401709402
0.94009305932532
0.9402089783281734
0.9401313248358439
0.9398612181958366
0.9399769141977684
0.939900153609831
0.9400153315446531
0.9401300688599847
0.9402443680794196
0.940358231707317
0.9404716622289844
0.940584662110858
0.940697233800682
0.9406202723146747
0.9407323518308796
0.9408440090429541
0.9409552463332079
0.941066066066066
0.9411764705882353
0.9410994764397905
0.9412094064949608
0.9413189269746647
0.9414280401636296
0.9415367483296214
0.9414597999258985
0.9415680473372781
0.9416758951642673
0.9414148857774502
0.9413387274733358
0.9414464023494861
0.9415536826676438
0.9416605705925384
0.9417670682730924
0.9418731778425656
0.9417970170971263
0.9419026870007262
0.941826748822037
0.941931982633864
0.9420368364030336
0.942141312184571
0.9422454120187118
0.9419899425287356
0.9417353890283255
0.9418396564065855
0.9415862808145766
0.9416904422253923
0.9417942328230687
0.9418976545842217
0.9420007094714438
0.9421033994334278
0.9422057264050901
0.9421312632321807
0.9422331806974287
0.9421589310829818
0.9422604422604423
0.9423615977575333
0.9424623994403638
0.9425628491620112
0.9424886720111537
0.9424147529575505
0.9425147620701633
0.9426144244105409
0.9425406715126341
0.9424671734623359
0.9423939289410141
0.9421487603305785
0.9422481952561017
0.9418325326012355
0.9415895854744776
0.9415184678522572
0.9416182997610106
0.9415473755964554
0.9416468186457979
0.94140625
0.9415055951169888
0.9414353419092756
0.9413653261236904
0.9412955465587044
0.9413944088918828
0.941324815063887
0.9410876132930514
0.941186327077748
0.9411174305787889
0.9412157648630595
0.9413137712570857
0.9414114513981359
0.9411764705882353
0.9411081619110816
0.9408744617422988
0.9408068783068783
0.9409045889732585
0.9408371786420567
0.9409345179335308
0.9410315374507228
0.9409642505739587
0.9407334643091028
0.9406668846028113
0.9407637075718016
0.940534376018247
0.9406310995445674
0.9405651185449821
0.9406614785992218
0.9405956620265458
0.9406916612798966
0.9407873507583091
0.9407216494845361
0.9406561595368286
0.9407514450867052
0.9408464251362616
0.9409411011523687
0.9408756791307127
0.9408104658583281
0.9409047467346289
0.9409893430889136
0.940924249642687
0.9408593626129698
0.9409529840113978
0.9407302038880986
0.9408237336278996
0.9409169686466047
0.9408526034292906
0.9407884403957908
0.9407244785949506
0.9403475810239549
0.9404408316398312
0.9405337911659123
0.9404706249026025
0.9404076552046056
0.9405002330278079
0.9405925236544129
0.9406845284187704
0.940776248646977
0.9408676856569399
0.9409588407584399
0.9408957980606434
0.9408329491317043
0.9407702930796379
0.9408610387620653
0.940951506807404
0.940888956774095
0.9409791062986121
0.9409167047358002
0.9410065379352288
0.940944284196144
0.9410338032438987
0.9411230513092175
0.9412120296206741
0.9413007393994266
0.9412385113756215
0.9413269143974725
0.9412648340093135
0.9413529323533824
0.9414407668114423
0.9415283385673695
0.9416156487979692
0.9415536007156702
0.9416406133690636
0.9412814033001338
0.9412201276532581
0.9413072476656291
0.941246115139855
0.9411851632924486
0.9412719492400767
0.9413584794459997
0.9414447550389878
0.9415307771411782
0.9416165468681238
0.9417020653288414
0.9416410706450198
0.9417263034905798
0.94166545136357
0.9416047764671618
0.9416896902719208
0.9417743574851168
0.9418587791793533
0.9419429564210221
0.9420268902703485
0.9421105817814349
0.9421940320023064
0.9422772419749532
0.9422164726175075
0.9420123439069901
0.9419521284219579
0.9420352082438815
0.9419751321995141
0.942057942057942
0.9419980048453755
0.9420805464636403
0.9421628534887025
0.9422449269192564
0.942326767748335
0.9424083769633508
0.9424897555461353
0.9425709044729786
0.9426518247146681
0.9427325172365274
0.9428129829984544
0.94289322295496
0.9429732380552053
0.9429131103959704
0.9429928741092637
0.9430724152365006
0.9431517347080953
0.9432308334492834
0.9431707655967765
0.9431108644373526
0.9430511292780934
0.9431299294312993
0.9430703330109161
0.9431488891955292
0.9432272288824584
0.9430301362322829
0.9431084238010169
0.9431864965006176
0.9431273125942168
0.9432051457506501
0.9432827661609949
0.9433601746963286
0.9434373722229794
0.9435143596025589
0.943591137691994
0.9435319668793267
0.9436085129456419
0.943549478814133
0.9436257942409084
0.9437019036046983
0.943777807738978
0.9438535074727347
0.9439290036304961
0.944004297032362
0.9439452863081669
0.9440203562340967
0.9440952253577638
0.9441698944837719
0.9442443644124316
0.9443186359397895
0.9442596780630571
0.9442008768433638
0.944142231657158
0.9442162448655095
0.9442900621939924
0.944231531650588
0.9443051339580308
0.9442467378410438
0.9443201263656706
0.9443933219403181
0.944466325324931
0.9444080241248197
0.9443498756056043
0.9444226494049954
0.9444952331200209
0.9445676274944568
0.9445095740523642
0.9445817614153766
0.9446537612056646
0.9445958219800181
0.9446676169495918
0.9446098097579915
0.9446814010598423
0.944752807538402
0.9448240299084698
0.9447663190421012
0.9448373408769448
0.9449081803005008
0.944978838014621
0.9450493147175612
0.9448637584751184
0.9448064392487543
0.9448768661477607
0.9449471135465783
0.9448899070892198
0.9449599593237574
0.9450298336930304
0.9450995308735894
0.9451690515385589
0.9452383963576577
0.9453075659972212
0.9453765611202221
0.945445382386292
0.9455140304517428
0.9455825059695865
0.9456508095895569
0.9457189419581297
0.9457869037185427
0.9458546955108166
0.9459223179717747
0.945989771735063
0.9460570574311699
0.9461241756874456
0.9460668572138685
0.9460096810227132
0.9460766084046114
0.9461433700631423
0.9462099666130828
0.9462763986661726
0.9463426668311335
0.9462855734877418
0.9463516672818998
0.9464175986235713
0.9463606235424082
0.9464263822483756
0.9463695359373087
0.9464351229057112
0.9463784047880787
0.946321825057948
0.946387230413062
0.9464524765729585
0.9465175641181476
0.9464610902027437
0.9462834970292228
0.946348552743127
0.9464134510705213
0.9464781925818533
0.9464221069144443
0.9464866819332288
0.9464307210786084
0.9464951304556931
0.9465593851327009
0.946503538443085
0.9464478255660717
0.9465119061864306
0.9465758336321262
0.946639608451713
0.9467032311911291
0.9467667023937121
0.9468300226002141
0.9468931923488179
0.9468375459831494
0.9469005570700486
0.9469634189653131
0.947026132198179
0.947088697295382
0.9469151822578743
0.9469777306468717
0.9470401318112275
0.9469848360173975
0.9470470823059762
0.9471091825964583
0.9471711374018976
0.9472329472329473
0.9472946125978731
0.947356134002568
0.9474175119505654
0.947362291836497
0.9474235198324997
0.9473684210526315
0.9474294998259255
0.9473745218500058
0.9474354521245802
0.9474962414710304
0.947556890377729
0.9476173993307949
0.9476777688141063
0.9477379993093128
0.9476831091180867
0.9477431951303549
0.9478031432832397
0.9478629540506475
0.947922627904315
0.9479821653138218
0.9480415667466027
0.9479867685639329
0.9480460293950097
0.9481051553431206
0.9480504717517335
0.9479959123424548
0.94805489395486
0.9481137419281749
0.9481724567160801
0.9482310387702045
0.9482894885401377
0.9482350287583173
0.948293342345387
0.9481264768763362
0.9481847813869844
0.9482429549792298
0.9481888527531681
0.9482468914528958
0.9481929058968334
0.948250810327484
0.9481969409400469
0.9482547117207539
0.9483123537930266
0.9483698675865139
0.9483161053684561
0.948262462529144
0.9482089386713984
0.9481555333998006
0.9482129025118955
0.948270144799381
0.9483272606823452
0.9483842505790229
0.9484411149058058
0.9484978540772532
0.9485544685061009
0.9486109586032722
0.9486673247778875
0.948723567437274
0.948779686986976
0.9488356838307642
0.9488915583706454
0.9488382240645795
0.9488939740655988
0.9489496026994666
0.9490051103620746
0.9489518844357554
0.9490072691765217
0.9490625338679961
0.9491176789000758
0.9491727046609711
0.9492276115372151
0.9492823999136721
0.9493370701735475
0.9493916226983956
0.9494460578681295
0.9495003760610293
0.9495545776537512
0.949608663021336
0.9496626325372175
0.949716486573232
0.949770225499626
0.9497170919184371
0.9497707155806762
0.9498242249920102
0.9498776205171864
0.9498245987030934
0.9497716894977168
0.9498249708284714
0.949772173360178
0.9498253413782153
0.94977265517606
0.9498257103623112
0.9498786535823572
0.9498260777906609
0.9498789091291987
0.9499316293257599
0.9499842387306925
0.9500367376928729
0.9500891265597148
0.9500366607311197
0.9500889400439468
0.9501411100658513
0.9501931711391877
0.9502451236048816
0.9501927685735125
0.9502446133028001
0.9502963502131642
0.9503479796405941
0.9502957351872989
0.9503472582149891
0.9502951227089158
0.9503465397744906
0.9502945127622197
0.9502425931660989
0.9501907806538105
0.9500360564541053
0.9500874755582999
0.9501387889380076
0.9501899969189689
0.9501385041551247
0.9501896074613099
0.9501382205385481
0.9501892195970134
0.9502401144375192
0.9501888333163213
0.9502396247578261
0.9501884486095549
0.9501373766154473
0.950188065467114
0.9502386513658982
0.9502891346251395
0.950238167629472
0.9502885491546016
0.950338828765045
0.9503890067697282
0.9504390834763299
0.9504890591912877
0.9505389342198046
0.9505887088658549
0.9506383834321906
0.9505875263633624
0.9506371024380456
0.9505863486017841
0.9506358265745469
0.9506852055616685
0.9507344858598981
0.9507836677647998
0.9507330208437219
0.950782106207034
0.9508310938588633
0.9508799840906831
0.9509287771928082
0.9509774734544011
0.9510260731634778
0.9509755372883034
0.9510240427426536
0.9510724523079964
0.9511207662683915
0.9511689849067771
0.9512171085049769
0.9511666830757113
0.9511163568407593
0.9511643902918345
0.9512123294394816
0.9510640384426792
0.9511119819731557
0.9509640794753842
0.9510120269873863
0.9510598808244602
0.9511076412608568
0.9511553085697573
0.9510080841531119
0.9510557555706919
0.951103334305434
0.9509565892978538
0.9510041719219947
0.9510516623049337
0.9510990607146316
0.951146367418013
0.9511935826809703
0.9512407067683692
0.9512877399440532
0.9512383155054447
0.951188986232791
0.9512359334423391
0.9512827904295186
0.9512335605260631
0.9511844250503501
0.9512311967040338
0.9512778788168852
0.9513244716457875
0.9512754370879908
0.951321943304381
0.9511776485172118
0.9512241592836048
0.9512705815170839
0.9513169154701911
0.9513631613945094
0.9513144158678941
0.9512657627761448
0.9512172018565881
0.9511687328475442
0.9511203554883237
0.9511665249834703
0.9510238746815136
0.9510700480814557
0.9511161345012715
0.9511621341865061
0.9512080473817806
0.9510660279891049
0.9509242751243314
0.950970282178682
0.9510162030532922
0.9510620379900814
0.9510143030756287
0.9509666573269824
0.9510124101894187
0.9509648550386874
0.951010524355034
0.9509630594584535
0.9509156828111928
0.9509612705488995
0.9509139834833441
0.9509594882729211
0.9509122904510512
0.9509577125936893
0.9509106036793935
0.9509559434746467
0.9510011995939835
0.9508619894901816
0.9509072487795892
0.950855880728879
0.9508091210003677
0.9508543082858718
0.9508076358296622
0.9507610489638731
0.9506229388054233
0.9506681310635182
0.9507132406730066
0.9507582678604056
0.9508032128514057
0.9507568849170163
0.950801749271137
0.9508465319497542
0.9508912331757002
0.9509358531709976
0.9509803921568627
0.9510248503537094
0.950978615440377
0.9510229947492305
0.9508863965267728
0.9508404120730164
0.9507945106536656
0.9504780804618438
0.9503424657534246
0.9502971366828741
0.9502518891687658
0.9501168434298041
0.9500718390804598
0.9501166337699624
0.9500717102904267
0.9500268672756582
0.9498926270579814
0.9499374217772215
0.9499821364773133
0.9498482955559522
0.9498038516405135
0.9498485658293248
0.9498042007831968
0.9497599146363152
0.9498045486851457
0.9498491034972484
0.9498048953529621
0.9497607655502392
0.9497167138810199
0.9497611887493367
0.9498055850123719
0.949849902878333
0.9498941425546931
0.9499383042481931
0.9499823881648468
0.9498504311103291
0.9498945147679325
0.9498506938345337
0.9498946998946999
0.9498509556373839
0.9498948843728101
0.9499387362156485
0.9498950682056663
0.9496767429669754
0.9497206703910615
0.9497645211930926
0.9498082955733705
0.9496778687097336
0.9497216423103688
0.9496784286459239
0.9497221257381036
0.9497657470067673
0.9497226074895978
0.9497661527801836
0.9497230875735548
0.949766557150268
0.9498099516240498
0.9498532711893665
0.9498965160400138
0.9499396863691194
0.949896694214876
0.9499397901255806
0.9499828119628738
0.9500257599175682
0.9500686341798216
0.950025715755186
0.9500685166152792
0.9501112442238576
0.9498974008207934
0.949940201606014
0.949897575964493
0.9498550230257548
0.9498125426039536
0.9498552698791077
0.9498979244641035
0.9498555158932518
0.9498980978260869
0.9497709146444935
0.9497287216005426
0.9496866000338811
0.9497291807718348
0.9496871300524269
0.9495606623859412
0.9496032416005402
0.9496457489878543
0.9496881847294791
0.9496463455708993
0.9496045768130574
0.9496469401479489
0.9496892323198387
0.9497314535078886
0.949689753479792
0.9497319034852547
0.9497739829231542
0.9497323519571763
0.9497743606886178
0.9498162992651971
0.9498581678625062
0.9498999666555519
0.9499416958187573
0.9499833555259654
0.9500249459504407
0.9500664672648721
0.9501079196413748
0.950149303251493
0.9501906182662025
0.950149055978801
0.9501075624689723
0.9500661375661376
0.9501073847678837
0.9501485638824695
0.9501896750783441
0.9502307185234015
0.9501893627531698
0.9502303389272787
0.9501890514548742
0.9502299605781866
0.9501887411784015
0.9502295834699902
0.9502703588399148
0.9503110674525213
0.9502699165712416
0.9503105590062112
0.9503511350645109
0.9503916449086162
0.9504320887004728
0.9503910068426198
0.9503499918606544
0.9503903708523097
0.9503494230456688
0.9503897369275739
0.9504299853967224
0.9503891050583657
0.9504292888384902
0.9504694075752671
0.950509461426492
0.9505494505494505
0.9505086387857258
0.9504678928686673
0.9504272126390456
0.950306056701031
0.950346048607758
0.9503055644901898
0.9503454925277197
0.9503853564547207
0.9504251564254773
0.9503847386983008
0.950424475412462
0.9504641485275288
0.9505037581960659
0.9505433045701502
0.9505827878013732
0.9506222080408424
0.9506615654391838
0.9507008601465435
0.9507400923125895
0.950779262086514
0.9507389162561576
0.9507780247697681
0.9508170712359194
0.950856055802156
0.9508949786155552
0.9508547008547008
0.9508144867942432
0.9508533501896334
0.9508132006947734
0.9507731145471757
0.9508119186504809
0.9507718966603654
0.9508106406422163
0.9507706826045926
0.9508093666509508
0.9508479899497487
0.9508865526439667
0.9507682659140797
0.9507284975716748
0.9507670632435817
0.950805568590646
0.9508440137542982
0.9508823988755271
0.9508426966292135
0.9507250896616248
0.9506855718292303
0.9506461155223416
0.9505289359054138
0.9505673869112389
0.9506057781919851
0.9506441098866988
0.950682382133995
0.9506431117309778
0.9505264787860018
0.9505647532105833
0.9506029684601113
0.9506411246717132
0.9506792219820932
0.9507172605275336
0.9507552404438965
0.9506391498536886
0
0.5454545454545454
0.7619047619047619
0.8064516129032258
0.8292682926829268
0.8431372549019608
0.819672131147541
0.8309859154929577
0.8024691358024691
0.8131868131868132
0.8118811881188119
0.8018018018018018
0.8
0.7923076923076923
0.8
0.8066666666666666
0.8125
0.8176470588235294
0.8166666666666667
0.8210526315789474
0.815
0.8238095238095238
0.8272727272727273
0.8347826086956521
0.8333333333333334
0.84
0.8423076923076923
0.8444444444444444
0.85
0.8517241379310345
0.8533333333333334
0.8516129032258064
0.853125
0.8575757575757575
0.8588235294117647
0.86
0.8611111111111112
0.8648648648648649
0.8657894736842106
0.8692307692307693
0.87
0.8707317073170732
0.8714285714285714
0.872093023255814
0.8727272727272727
0.8755555555555555
0.8739130434782608
0.874468085106383
0.8770833333333333
0.8775510204081632
0.88
0.8823529411764706
0.8846153846153846
0.8867924528301887
0.8870370370370371
0.8854545454545455
0.8875
0.8859649122807017
0.8862068965517241
0.888135593220339
0.89
0.8901639344262295
0.8919354838709678
0.8936507936507937
0.8953125
0.8969230769230769
0.8954545454545455
0.8970149253731343
0.8985294117647059
0.8985507246376812
0.8985714285714286
0.8985915492957747
0.8986111111111111
0.9
0.9013513513513514
0.9026666666666666
0.9026315789473685
0.9038961038961039
0.9051282051282051
0.9063291139240506
0.90625
0.9074074074074074
0.9073170731707317
0.908433734939759
0.9095238095238095
0.9105882352941177
0.9104651162790698
0.9114942528735632
0.9125
0.9134831460674158
0.9144444444444444
0.9153846153846154
0.9163043478260869
0.9172043010752688
0.9180851063829787
0.9189473684210526
0.9197916666666667
0.9195876288659793
0.9204081632653062
0.9202020202020202
0.921
0.9217821782178218
0.9225490196078432
0.9233009708737864
0.9230769230769231
0.9238095238095239
0.9245283018867925
0.9252336448598131
0.9259259259259259
0.9238532110091743
0.9245454545454546
0.9252252252252252
0.925
0.9256637168141593
0.9263157894736842
0.9269565217391305
0.9275862068965517
0.9282051282051282
0.9288135593220339
0.9294117647058824
0.93
0.9305785123966942
0.9311475409836065
0.9308943089430894
0.9314516129032258
0.932
0.9325396825396826
0.9322834645669291
0.9328125
0.9333333333333333
0.933076923076923
0.933587786259542
0.9333333333333333
0.9338345864661655
0.9343283582089552
0.9348148148148148
0.9352941176470588
0.9357664233576642
0.9355072463768116
0.9359712230215828
0.9364285714285714
0.9368794326241134
0.9373239436619718
0.9377622377622378
0.9375
0.9372413793103448
0.9376712328767123
0.9374149659863945
0.9378378378378378
0.938255033557047
0.9386666666666666
0.9390728476821192
0.9394736842105263
0.9392156862745098
0.9396103896103896
0.94
0.9397435897435897
0.9401273885350319
0.9405063291139241
0.9408805031446541
0.94125
0.9416149068322981
0.9419753086419753
0.9423312883435583
0.9426829268292682
0.943030303030303
0.9433734939759036
0.9437125748502994
0.944047619047619
0.9443786982248521
0.9447058823529412
0.9450292397660819
0.9453488372093023
0.945664739884393
0.9459770114942528
0.9462857142857143
0.946590909090909
0.9463276836158192
