245.70255
207.5569
208.64763
211.83615
204.23291
189.56813
219.24947
191.42336
186.92679
203.47667
0.00296016
0.02062097
0.02882581
0.03401457
0.04029783
0.04901824
0.05520716
0.06111641
0.06912128
0.07596971
0.08260119
0.08943013
0.09540175
0.10082666
0.10518858
0.10952264
0.11353333
0.11937347
0.12261162
0.12719868
0.13188712
0.13768163
0.14064662
0.14401335
0.14694464
0.15092658
0.15458915
0.15718557
0.16061017
0.16512646
0.1674732
0.17104419
0.17340995
0.17646141
0.17821196
0.18106663
0.1836343
0.18535395
0.18722807
0.18901923
0.19176453
0.19423181
0.19615649
0.19824281
0.20093098
0.20299707
0.20575064
0.20757297
0.20913987
0.21228051
0.21442862
0.21595986
0.21762866
0.2195027
0.2217464
0.22351924
0.22499608
0.22653562
0.22936942
0.23143205
0.23260786
0.23363695
0.23526606
0.23606868
0.23703875
0.23811437
0.23966052
0.24073075
0.24153242
0.24267903
0.24427481
0.24580757
0.24710676
0.24774301
0.24888353
0.24960607
0.25079343
0.25145644
0.2524061
0.2536877
0.25468972
0.255789
0.25682205
0.25768214
0.25857297
0.25915703
0.26029053
0.26143152
0.26243117
0.26319242
0.2649004
0.26552895
0.26624146
0.26749128
0.26820454
0.26956356
0.27004647
0.27118027
0.27257317
0.27342302
0.27437934
0.27524188
0.27649167
0.2801154
0.28319493
0.28599292
0.287636
0.28901458
0.2918228
0.29511893
0.297229
0.29846078
0.299951
0.30162314
0.303497
0.3053323
0.3063512
0.3080406
0.31026858
0.3116662
0.31341374
0.31452262
0.31555504
0.31807387
0.31898642
0.32066107
0.3215997
0.32296318
0.32404882
0.32540435
0.32697973
0.3279412
0.32920197
0.3299905
0.33097544
0.33229628
0.33294922
0.33361566
0.3351748
0.3364953
0.3371561
0.33825767
0.33896708
0.33977544
0.3415145
0.34241527
0.34388307
0.34530464
0.3460788
0.34684157
0.34783947
0.34958005
0.35074455
0.35217673
0.35365722
0.35564458
0.35640958
0.35754305
0.35788777
0.35842615
0.3603309
0.36113092
0.3623183
0.36373544
0.36465025
0.3658217
0.366442
0.36753267
0.36810464
0.36969778
0.37012944
0.3719403
0.37305832
0.37377495
0.3743263
0.37469164
0.37543744
0.37726462
0.37844765
0.37944442
0.3800798
0.38055983
0.3816237
0.38228738
0.38307407
0.3850767
0.3858328
0.38731766
0.38760602
0.38840893
0.39013124
0.39070556
0.39146215
0.39243066
0.39286873
0.39376566
0.39424103
0.39465365
0.3954634
0.395841
0.39835542
0.4006166
0.40216175
0.4027559
0.4047875
0.40513465
0.4058978
0.4072277
0.40780962
0.40882808
0.40970695
0.4103688
0.4110172
0.41236827
0.41334045
0.41425294
0.41474965
0.41515556
0.41680986
0.41743723
0.41844818
0.41930354
0.4196965
0.4206477
0.42100063
0.422149
0.4239389
0.4250498
0.4263045
0.4269513
0.4276669
0.42826185
0.42911527
0.42968187
0.43080196
0.43115455
0.43191743
0.43255603
0.43303964
0.43357122
0.4342153
0.43491533
0.4381416
0.43886814
0.43936083
0.4404011
0.4410659
0.44154492
0.44271097
0.44344503
0.44410968
0.44532356
0.4463359
0.44720036
0.4475788
0.44842708
0.44880408
0.44963518
0.45003757
0.45068562
0.45173025
0.4523468
0.45310923
0.4536026
0.4546815
0.45525303
0.45597464
0.45670024
0.45740947
0.4581326
0.45839888
0.45925072
0.45951816
0.46088776
0.461601
0.46209928
0.4629191
0.4632758
0.463663
0.46571508
0.4671906
0.46788397
0.46817455
0.46894422
0.46969986
0.47007808
0.4707354
0.47164685
0.47205988
0.47310698
0.4748078
0.4759064
0.4774194
0.4783076
0.48107147
0.48211956
0.4832181
0.48435828
0.48551765
0.48750716
0.48867458
0.49004155
0.49096003
0.49181366
0.4926761
0.49386197
0.4962553
0.49689138
0.49771026
0.4985269
0.4990643
0.49953264
0.5002584
0.5006631
0.50157505
0.50200444
0.502739
0.503283
0.5040044
0.504885
0.5051103
0.5057917
0.5064508
0.507038
0.5074681
0.5079608
0.50984067
0.51073945
0.5114933
0.5132024
0.51403606
0.51450104
0.51485723
0.5154611
0.51618236
0.5166597
0.5170244
0.5175156
0.5177782
0.5191889
0.5196883
0.5202706
0.52166694
0.52317595
0.52540207
0.5263324
0.52743137
0.52849245
0.5292642
0.52949023
0.5305204
0.53193146
0.5331437
0.53498423
0.5359281
0.5383895
0.53882635
0.53959024
0.5409556
0.54221576
0.542668
0.54315054
0.54398984
0.5448752
0.54567647
0.546972
0.54756135
0.54934025
0.5507026
0.5513592
0.5522612
0.5531788
0.5536877
0.55421996
0.554978
0.5555129
0.5566596
0.5573067
0.5577168
0.55801165
0.5585789
0.5600029
0.5601201
0.5609763
0.56275624
0.5640301
0.5649954
0.5654337
0.5661056
0.56666565
0.56932193
0.570676
0.5725749
0.5732431
0.5747162
0.57503384
0.57667553
0.57802844
0.5783093
0.579248
0.5803126
0.58069533
0.5809571
0.58263594
0.5838332
0.584557
0.58557737
0.58644605
0.58803093
0.5894855
0.5905667
0.59154487
0.59207475
0.5928227
0.5937538
0.59416986
0.5947551
0.5951979
0.595358
0.5956077
0.5960485
0.59704846
0.5990389
0.599603
0.59990895
0.6001442
0.6003356
0.6007173
0.6018258
0.6023743
0.6030162
0.6034453
0.60402834
0.60445327
0.60510576
0.6058548
0.6060572
0.606463
0.6068573
0.60777545
0.6081658
0.6088196
0.60923487
0.60950536
0.6096197
0.61002016
0.61069506
0.610886
0.6116182
0.6120625
0.61227685
0.612892
0.6137363
0.61426836
0.6149248
0.6151875
0.6155924
0.6158074
0.61690927
0.61737424
0.61756706
0.61840963
0.6195512
0.6197692
0.6202845
0.6204243
0.62112576
0.62145156
0.6221913
0.6224644
0.6227662
0.62378377
0.62491596
0.6263815
0.6266332
0.62764716
0.6283205
0.62970895
0.6304348
0.63071257
0.63121855
0.63243735
0.63344026
0.63366324
0.63384235
0.6345021
0.6346677
0.6349309
0.63540083
0.635627
0.6365112
0.63674784
0.63725066
0.6379733
0.6382448
0.6390124
0.6393478
0.63980293
0.64007103
0.64043045
0.6407883
0.6409112
0.6410943
0.64137185
0.6421671
0.64236635
0.64260036
0.6432672
0.6438352
0.64404994
0.6448505
0.64571416
0.64596605
0.6460503
0.6461917
0.6473521
0.6485058
0.6488776
0.65003514
0.65068406
0.65117055
0.65206414
0.6522433
0.6524923
0.65284353
0.65307665
0.6533742
0.65361893
0.6540094
0.6545949
0.6548323
0.65519327
0.6556896
0.65606785
0.65638644
0.65717566
0.6573028
0.6578093
0.65800464
0.6583053
0.65878165
0.6590342
0.6594514
0.6600325
0.66061383
0.66087216
0.6611087
0.6614303
0.66162455
0.66247785
0.66365206
0.6641913
0.66474116
0.6657868
0.6668168
0.66753685
0.6677705
0.6687266
0.66924137
0.6694009
0.670305
0.6708731
0.6713966
0.67172956
0.67254347
0.67282623
0.67309344
0.673608
0.6741788
0.6743824
0.6748127
0.6750901
0.6756255
0.67571175
0.6760629
0.67706114
0.6772355
0.67805296
0.67881715
0.67988545
0.68145627
0.6842211
0.68464446
0.6870633
0.6881106
0.68845224
0.68938816
0.69076395
0.6916795
0.69339174
0.69392294
0.6950381
0.6966513
0.6979669
0.6984371
0.6992626
0.7003093
0.7007574
0.7018489
0.7020121
0.7025132
0.7027291
0.70389056
0.7046429
0.70607257
0.7071683
0.7077662
0.7083033
0.70856774
0.70891243
0.70968336
0.71109396
0.71161973
0.71190214
0.7124884
0.71278965
0.71386546
0.7149165
0.7162531
0.7168722
0.7175552
0.71876353
0.719006
0.7193417
0.72007954
0.72046584
0.72095543
0.72168714
0.7226906
0.7233884
0.72442275
0.72506917
0.72609806
0.72732925
0.7274726
0.72783726
0.728333
0.72885406
0.73006535
0.73174685
0.73253965
0.7337741
0.73444116
0.73526525
0.7353881
0.7357746
0.736019
0.73673135
0.73720115
0.7378889
0.738102
0.73871535
0.7392723
0.73985595
0.741279
0.74166864
0.74209493
0.7426723
0.74353945
0.7444169
0.745795
0.7461143
0.7472945
0.7478595
0.74839664
0.74933463
0.7504488
0.7512207
0.7520489
0.75233895
0.75264233
0.7530769
0.7532802
0.7558484
0.75645983
0.757094
0.7582209
0.7587686
0.7590754
0.75945413
0.76008946
0.7607208
0.76107943
0.7613774
0.7620058
0.7626395
0.76321036
0.76421577
0.7645639
0.7651133
0.7659309
0.7661374
0.7663592
0.766637
0.76717776
0.7675994
0.7694725
0.7700345
0.77040315
0.77119154
0.77209103
0.7723135
0.77272
0.77298737
0.7737506
0.7739104
0.77416205
0.7743987
0.77468437
0.77538186
0.77598894
0.7762003
0.7766977
0.7773879
0.77777374
0.77840793
0.778778
0.77935135
0.7799603
0.780133
0.7809644
0.7818906
0.782536
0.7833357
0.78350186
0.78371316
0.78455573
0.78539485
0.78601277
0.78614897
0.78727645
0.78760266
0.7878366
0.7880773
0.7885561
0.7888881
0.7893491
0.79031605
0.79066116
0.79112476
0.79176366
0.7922177
0.79246026
0.79267263
0.7934173
0.79365766
0.7944814
0.7946508
0.79490864
0.79500705
0.79543835
0.79562104
0.79609835
0.79678637
0.79772305
0.79820627
0.7986233
0.7992559
0.7998045
0.8006034
0.800863
0.80096334
0.8012666
0.8014106
0.8019375
0.8021842
0.80231446
0.8027251
0.8033753
0.8036717
0.804616
0.805604
0.8063535
0.80724263
0.8075764
0.807829
0.80798274
0.8084654
0.80874074
0.8095507
0.8102767
0.8104522
0.8112663
0.8120356
0.8122372
0.81269646
0.8130251
0.8131721
0.81336457
0.8136658
0.8145969
0.81474173
0.8151155
0.815258
0.8154687
0.81565386
0.8161446
0.81639075
0.8164777
0.81672376
0.816816
0.81691325
0.8170785
0.81759185
0.81770116
0.8179755
0.8187968
0.819115
0.8195316
0.81975615
0.81982154
0.81995696
0.82041514
0.82047385
0.82056195
0.8212951
0.8214426
0.82252073
0.8229464
0.8234092
0.82413083
0.8244961
0.8247149
0.8252606
0.82581836
0.8272928
0.8280185
0.8281204
0.82822883
0.82859594
0.82885695
0.830642
0.83082825
0.83097064
0.8311963
0.8318042
0.83209157
0.8323691
0.8325121
0.8332255
0.8334274
0.834125
0.8344779
0.8350902
0.83559906
0.8356786
0.83581805
0.8363522
0.8372584
0.83770365
0.83780295
0.8384193
0.8386615
0.83872914
0.83901924
0.8392121
0.8398244
0.8399008
0.840816
0.8424447
0.84256315
0.8431385
0.8432444
0.84391683
0.8445326
0.8448538
0.8451231
0.84534633
0.84567684
0.8457308
0.84651816
0.8467248
0.8468675
0.8470558
0.84716254
0.8474809
0.8478318
0.8485303
0.8487479
0.8489177
0.8494369
0.8497416
0.8499744
0.8505612
0.850753
0.8511326
0.85161585
0.8518149
0.8527007
0.85388035
0.8542859
0.85514987
0.85558766
0.8557677
0.8561524
0.8562263
0.85677123
0.85730535
0.85833955
0.8588711
0.86022353
0.8607216
0.8612321
0.8613783
0.8615457
0.8617132
0.8621176
0.8625177
0.862802
0.8629222
0.8630437
0.86310685
0.8632772
0.8633864
0.86352116
0.86365217
0.8637666
0.86401707
0.86470306
0.8648529
0.8650454
0.866195
0.86649877
0.8666041
0.8668515
0.8669489
0.86727977
0.86764914
0.8678066
0.8679474
0.86808306
0.86837107
0.8685542
0.868928
0.86905193
0.86939204
0.86960584
0.87059516
0.87115157
0.87131655
0.87168527
0.8722491
0.8731829
0.8737934
0.87431973
0.8744294
0.8746914
0.8761192
0.87632364
0.87696755
0.87752414
0.8779979
0.8782991
0.8784751
0.87864614
0.8792991
0.8796283
0.8800753
0.880211
0.88033414
0.8810254
0.88110805
0.8821804
0.8826215
0.88342834
0.8835039
0.884271
0.8845024
0.88526815
0.8857196
0.8864686
0.88710624
0.8877044
0.8881406
0.88829327
0.88899577
0.8892177
0.89002997
0.89035565
0.89072496
0.8910596
0.8917317
0.89306533
0.8935005
0.89449507
0.89511704
0.8953493
0.8961323
0.8963269
0.8965754
0.8971131
0.8973643
0.8976303
0.8981949
0.89848566
0.89881146
0.89907545
0.8992169
0.90039814
0.90056974
0.90089345
0.9014463
0.9018564
0.9019802
0.9022947
0.9024242
0.90253097
0.9026324
0.90296763
0.903291
0.90398955
0.90442735
0.90451044
0.90472597
0.90675175
0.9075337
0.9084828
0.90933174
0.90955377
0.90964556
0.9104371
0.91093725
0.91245025
0.9126505
0.91271716
0.9130332
0.9131705
0.91452706
0.91466045
0.915112
0.9162161
0.91672575
0.91709894
0.9173959
0.91832227
0.9186936
0.91888547
0.9190237
0.919691
0.920426
0.92081857
0.9214354
0.92202413
0.92227757
0.92270017
0.92282623
0.92303735
0.9238028
0.9240969
0.92536724
0.9257486
0.9259039
0.92668825
0.926798
0.927105
0.9278096
0.9286263
0.929411
0.92962134
0.9301757
0.9311709
0.93129
0.931468
0.9319938
0.9323277
0.93297035
0.9341314
0.9342319
0.9343333
0.9347247
0.9350615
0.9354354
0.93654686
0.9377785
0.93814105
0.9383938
0.9389838
0.93934613
0.9398421
0.93991625
0.94025797
0.9409482
0.9421949
0.94271094
0.94321626
0.94485104
0.9450814
0.94563985
0.9463082
0.9469035
0.9471415
0.9478823
0.94859743
0.9487181
0.94897
0.94918156
0.94930154
0.9498577
0.9500161
0.9502057
0.95054156
0.9508083
0.9514001
0.9515145
0.9522155
0.95315963
0.9543214
0.95456326
0.95522326
0.95659584
0.9571922
0.958477
0.95918965
0.9602942
0.9609364
0.9614454
0.9618032
0.9627431
0.9634038
0.9637841
0.9645061
0.96516067
0.96584755
0.96628064
0.9669643
0.967189
0.9673128
0.96935
0.9701102
0.97054696
0.9710507
0.97133243
0.9715252
0.9716759
0.9719704
0.9721888
0.9724424
0.9738099
0.97418785
0.9748797
0.97509325
0.975684
0.9761004
0.9763547
0.97685975
0.97780997
0.9779212
0.9785266
0.9790845
0.979993
0.9805556
0.9813562
0.98190117
0.9821442
0.98276
0.9831788
0.9837269
0.9841052
0.9846488
0.9848703
0.98532593
0.98555326
0.98593384
0.986839
0.9872434
0.98784673
0.98901415
0.9898278
0.99034065
0.9908207
0.99223506
0.99256575
0.9931445
0.9937778
0.9939704
0.99412435
0.99441195
0.99535125
0.99574447
0.99645597
0.9971855
0.99795276
0.9984899
0.998931
1.000189
1.0002978
1.0007435
1.0015602
1.0020729
1.0023547
1.0042455
1.0046109
1.0047357
1.0055982
1.0060369
1.0063026
1.0069432
1.0071799
1.0077932
1.0078814
1.0082693
1.0084918
1.0086464
1.0094951
1.0097748
1.0105257
1.0110064
1.0114894
1.0120124
1.0127035
1.0134301
1.01392
1.0141112
1.0153302
1.0157269
1.0160729
1.0165519
1.0169715
1.0173485
1.0175655
1.018287
1.018477
1.0187699
1.0194975
1.0197787
1.019887
1.0205014
1.0206356
1.0216542
1.0231236
1.0235211
1.0244989
1.0255058
1.0256797
1.0260756
1.0270823
1.0273762
1.0275624
1.0279526
1.0286783
1.0294952
1.0301391
1.0306019
1.0314765
1.0328997
1.0332576
1.0337934
1.0339845
1.0345072
1.034748
1.0352703
1.0357295
1.0363955
1.0366229
1.0367367
1.0367967
1.0374304
1.0377747
1.0378786
1.0389385
1.0391275
1.0394951
1.0399206
1.0400903
1.040354
1.0409197
1.0413264
1.0421367
1.0428301
1.0432928
1.043613
1.0441056
1.0451618
1.0452735
1.0458215
1.0459751
1.0479456
1.0482098
1.0487573
1.0490217
1.0493315
1.0495327
1.0499791
1.0511612
1.0515121
1.0521531
1.0530287
1.0533032
1.053634
1.0542163
1.0545839
1.055586
1.056211
1.0564419
1.0568603
1.0570569
1.0576572
1.0578364
1.058093
1.0597174
0.00089229
0.00416262
0.00456669
0.00496301
0.00563616
0.0061492
0.00761425
0.0084842
0.01047562
0.01204819
0.01317791
0.01567514
0.01639858
0.01719523
0.0188152
0.01921881
0.02036171
0.02167278
0.02268598
0.02430124
0.02513895
0.02633738
0.02738681
0.02823215
0.02903562
0.02925881
0.03005364
0.03109511
0.0316042
0.03392359
0.03435482
0.03542507
0.03589069
0.036693
0.03683621
0.03786451
0.03850799
0.03869146
0.03942958
0.0398754
0.04039415
0.04129709
0.04150529
0.04189818
0.04333339
0.04376686
0.04507558
0.04585978
0.04616273
0.04718638
0.04736482
0.04755055
0.04772051
0.04796701
0.04854719
0.04949084
0.04962143
0.04995939
0.05141912
0.0519271
0.05210873
0.05229113
0.05266499
0.05275559
0.05293542
0.05308234
0.05405971
0.05427193
0.05444904
0.05467062
0.05518906
0.05550828
0.05645463
0.05654456
0.05672812
0.05692893
0.05715371
0.05740567
0.05767589
0.05788273
0.0581037
0.05835284
0.05872037
0.05890335
0.05899425
0.05907269
0.05955548
0.05993988
0.06030121
0.06048302
0.06120605
0.06138445
0.0615004
0.06173368
0.06205638
0.06239518
0.06251419
0.06311045
0.06363212
0.06402066
0.06429499
0.06448478
0.06463571
0.06479243
0.06558182
0.06574888
0.0658947
0.06620769
0.06692363
0.06876812
0.06896104
0.06904796
0.06963975
0.07003701
0.07058945
0.07094218
0.07115977
0.07147932
0.07209064
0.07232279
0.0728155
0.07308991
0.07329183
0.07427385
0.07444394
0.07505886
0.0752897
0.07599024
0.07647474
0.07693858
0.07750459
0.07773153
0.07839486
0.07860626
0.07881843
0.07901531
0.07915292
0.07927234
0.08020318
0.08063142
0.08083454
0.08114295
0.08128389
0.08144499
0.08205895
0.08228473
0.08273041
0.08343337
0.08378413
0.08395787
0.08410468
0.08478255
0.08516144
0.08560943
0.08605828
0.08695488
0.08732916
0.08765107
0.08772925
0.08788297
0.08897668
0.08916074
0.0898935
0.09016583
0.09071635
0.09084263
0.09095865
0.091521
0.09164605
0.09217722
0.09259988
0.09370863
0.09381654
0.09392171
0.09412815
0.09425077
0.09447999
0.09533826
0.09579477
0.09628686
0.09670447
0.09677569
0.09731916
0.09747539
0.09755258
0.09853303
0.09900725
0.09924826
0.09937156
0.09986759
0.10085226
0.10109219
0.10121723
0.10155461
0.10173508
0.10235872
0.1025269
0.10272434
0.10300184
0.10314269
0.10423795
0.10500193
0.10570171
0.10603938
0.10634585
0.10650381
0.10671478
0.10700084
0.10719924
0.1073356
0.10756114
0.10768171
0.10778422
0.10833295
0.10861023
0.10905394
0.10928354
0.10934458
0.11002344
0.11013273
0.11037905
0.11044633
0.11053018
0.11076607
0.11081453
0.11113591
0.11144043
0.11166846
0.11212134
0.11246525
0.1126244
0.11284339
0.11310945
0.11326653
0.11340764
0.11348738
0.11371909
0.11385637
0.11401202
0.11412798
0.11427304
0.11459903
0.11527105
0.11539252
0.11552912
0.11580311
0.11612327
0.11624987
0.11664968
0.11691136
0.11711883
0.11764439
0.11789547
0.11824003
0.11831933
0.11899524
0.11923987
0.11977267
0.11994732
0.12013004
0.12026598
0.12043186
0.12071554
0.12083367
0.1211191
0.12123692
0.12172506
0.12202326
0.12222432
0.12233285
0.12238205
0.12256753
0.12268813
0.12286212
0.12295405
0.12310793
0.1232039
0.12325387
0.12333962
0.12433114
0.12458271
0.12467294
0.1247341
0.12492103
0.12518783
0.1252743
0.12545915
0.12600528
0.1262757
0.1263886
0.12679586
0.12748098
0.12798586
0.12814951
0.12898798
0.12936464
0.1296263
0.12992936
0.13034174
0.13159725
0.1320365
0.13283397
0.13335218
0.1335774
0.13365994
0.13453963
0.13546567
0.13567182
0.13600746
0.13661382
0.13669969
0.13692774
0.1372475
0.13730703
0.1376764
0.1377733
0.13805386
0.13828762
0.13882263
0.13920912
0.13928261
0.1394281
0.13992217
0.14016935
0.14040026
0.1405613
0.14129908
0.14138179
0.14186178
0.14229244
0.14282718
0.14307736
0.14321338
0.14332858
0.14372768
0.14386961
0.14399122
0.14437436
0.14441842
0.14519681
0.14530423
0.14552334
0.14639144
0.14757282
0.14880666
0.14927997
0.14959623
0.14991324
0.15046771
0.15054385
0.15125969
0.15197644
0.15214422
0.15277568
0.15312697
0.15371424
0.1538436
0.15424514
0.15486929
0.15538459
0.15562303
0.15587279
0.15631457
0.15652013
0.15705681
0.1580682
0.15826012
0.15901189
0.16007414
0.1603279
0.16051234
0.16093259
0.16117068
0.16145793
0.16223909
0.16242877
0.16288383
0.16320373
0.16345179
0.16356948
0.1641135
0.1649414
0.16497189
0.1659535
0.16695513
0.16758737
0.16787235
0.16793543
0.16830587
0.16870794
0.17047554
0.17152014
0.17200392
0.1721483
0.17281024
0.17295118
0.17358314
0.17424229
0.1743043
0.17466307
0.17498879
0.17521872
0.17532748
0.17584965
0.17606333
0.17621204
0.17702928
0.17767875
0.17850833
0.17891364
0.1795377
0.17983519
0.18000807
0.18021923
0.18051538
0.18059573
0.18082966
0.18105821
0.18109973
0.18114948
0.18119909
0.18144715
0.18221428
0.18242368
0.18252909
0.18259098
0.18264957
0.18277334
0.1833797
0.18367803
0.18398045
0.18408951
0.18421872
0.18465327
0.18488766
0.1850577
0.18514654
0.18532069
0.18546306
0.1859071
0.186053
0.18653846
0.18667978
0.18687654
0.18692848
0.18714567
0.18730332
0.18736425
0.18794802
0.1880952
0.18819122
0.1883056
0.18848328
0.18872237
0.1889538
0.18906231
0.18938713
0.18946661
0.1902717
0.19063193
0.19076793
0.19128525
0.19167708
0.19171757
0.19186252
0.19191699
0.19235915
0.19247769
0.1929489
0.19302818
0.19312201
0.19325702
0.194367
0.19489492
0.19505891
0.19563833
0.19571726
0.1960572
0.19621116
0.196336
0.1964297
0.1976355
0.1977344
0.19780977
0.1978472
0.19791885
0.19799472
0.19829853
0.19850689
0.19858155
0.19899617
0.1990523
0.19930966
0.19983278
0.1998892
0.20042813
0.20066398
0.20089506
0.20096044
0.2010573
0.20175569
0.20180035
0.20186412
0.20197831
0.20239674
0.20247215
0.20254467
0.20271961
0.2030662
0.20315154
0.20323053
0.20387898
0.20393538
0.20396738
0.20402008
0.20424522
0.20496231
0.20513904
0.20579088
0.20608862
0.20622677
0.206711
0.20678762
0.20685138
0.20720373
0.20730224
0.20739047
0.20748554
0.20763275
0.20800933
0.20814224
0.20831051
0.20849466
0.20855437
0.20863917
0.20916006
0.2092066
0.20933557
0.20939459
0.20951162
0.20981757
0.20989284
0.21001601
0.21050054
0.21093471
0.21100241
0.21118207
0.21129113
0.2113447
0.21198063
0.2128002
0.21298218
0.21316421
0.21351808
0.2137792
0.21403357
0.2141919
0.2144956
0.21511163
0.21515349
0.21571055
0.2159229
0.21600337
0.21622057
0.21646407
0.21650857
0.21656877
0.21686721
0.2170339
0.21721469
0.21733099
0.21740623
0.2177466
0.21777315
0.21785617
0.21817826
0.21822241
0.21848975
0.2188691
0.21932916
0.22027344
0.22223486
0.22228225
0.22363925
0.2247419
0.22489913
0.22526461
0.2256759
0.22599755
0.22665508
0.2267857
0.22732066
0.22820647
0.22871466
0.22882847
0.22944286
0.2305965
0.2308739
0.23160258
0.23168068
0.2319495
0.23204422
0.23321237
0.2334538
0.23442914
0.2348652
0.23521908
0.23599267
0.23611121
0.23623046
0.23660862
0.23717812
0.23744039
0.23755923
0.23802982
0.23816457
0.23872025
0.2394527
0.24028257
0.24059318
0.24078707
0.24155901
0.24167404
0.2418215
0.24206851
0.24221519
0.24254924
0.24274914
0.24309339
0.2432714
0.24376206
0.24405234
0.2443425
0.24528837
0.24534228
0.24545062
0.2457233
0.24598749
0.24645366
0.24779066
0.24812831
0.24879943
0.24914101
0.24975686
0.249836
0.24997705
0.2500698
0.250575
0.2508387
0.25122523
0.25134322
0.2518188
0.25219765
0.2525238
0.25279152
0.25307384
0.2532654
0.253583
0.25370282
0.2542753
0.25470704
0.25479564
0.25527522
0.2554815
0.25593662
0.2563464
0.25670135
0.2568356
0.2570241
0.25713047
0.257229
0.25767338
0.2577433
0.2599243
0.26035956
0.2606949
0.26117387
0.2614224
0.2615369
0.2616747
0.26179454
0.26205412
0.26214087
0.26224416
0.26248825
0.26280746
0.26322445
0.26404506
0.26416898
0.26429564
0.26457617
0.26464775
0.2647199
0.2648267
0.2651117
0.26529193
0.26700822
0.2674955
0.26779583
0.26802018
0.2682544
0.26831964
0.2686333
0.26872176
0.26898527
0.26903164
0.2691287
0.26919875
0.26935527
0.2694276
0.26959717
0.2696901
0.26990393
0.2700824
0.27018568
0.27053514
0.27066788
0.27088153
0.27095893
0.27101728
0.2717152
0.27231
0.2729117
0.2731312
0.27322012
0.27329153
0.27365425
0.27406457
0.27426407
0.274366
0.27499062
0.27512833
0.2752829
0.27541175
0.27551186
0.27562237
0.2757205
0.27611253
0.27617195
0.27637962
0.27690494
0.2771841
0.27730933
0.27738363
0.27757612
0.27762935
0.277969
0.2780519
0.27809203
0.27820298
0.27843046
0.2785423
0.27884036
0.27940315
0.2802801
0.28044838
0.28060758
0.28097022
0.2811733
0.28160512
0.28165716
0.2816922
0.28178117
0.28186086
0.28228253
0.28242007
0.28245282
0.28275067
0.2830304
0.28312555
0.28342795
0.28399083
0.284116
0.28462148
0.2847084
0.2848428
0.28511438
0.2855628
0.28563777
0.28603518
0.28634602
0.28640172
0.28693715
0.2874357
0.2875434
0.28759593
0.28789997
0.28795502
0.2880209
0.28811398
0.2884263
0.28854272
0.288648
0.28870454
0.2887757
0.28889638
0.2891058
0.28920358
0.2892378
0.28931034
0.2893564
0.28941533
0.28947404
0.28973472
0.28976977
0.28986454
0.2903437
0.2904769
0.29070768
0.29079396
0.29083505
0.2908923
0.2912595
0.2912854
0.29130682
0.29206148
0.29209837
0.29253072
0.29270443
0.29298863
0.29338083
0.29354098
0.29359847
0.29385567
0.2940895
0.29529962
0.29557583
0.2956735
0.29573685
0.2959704
0.29609996
0.29667246
0.29676825
0.2969147
0.29708964
0.29750943
0.29758292
0.2976464
0.297689
0.29798165
0.29802558
0.29848227
0.2987138
0.29895195
0.2991111
0.2991412
0.2991939
0.2994131
0.30011973
0.3002406
0.30030918
0.30068064
0.30084085
0.3008648
0.3009548
0.3013386
0.3015428
0.30156824
0.30196318
0.3026554
0.3027081
0.3031881
0.30323467
0.30392364
0.30420944
0.3043643
0.30452523
0.30461743
0.3048161
0.30483586
0.30525464
0.3053592
0.30544564
0.3054954
0.30553198
0.30567667
0.3057479
0.3064904
0.30656374
0.3066487
0.30691603
0.3073969
0.3074693
0.30755866
0.30770394
0.30783588
0.30795065
0.30814794
0.30839497
0.30939975
0.30951336
0.30971456
0.30999622
0.31005877
0.3105381
0.31056914
0.3109671
0.31109312
0.31159875
0.31176838
0.31326264
0.31350073
0.31369314
0.31378147
0.31390747
0.3139957
0.31418982
0.31437466
0.3145011
0.31455114
0.31464234
0.3146747
0.31476274
0.31480727
0.31491244
0.31496692
0.31500024
0.3151893
0.31541795
0.3154992
0.3155798
0.31624535
0.3165217
0.31655246
0.3166481
0.3166976
0.31684217
0.31701168
0.31708547
0.31721297
0.3172772
0.317374
0.31745002
0.31753695
0.31760255
0.31765005
0.3177855
0.31827208
0.318735
0.31879386
0.3189668
0.31917173
0.31963852
0.3198535
0.32016137
0.32020068
0.32029942
0.32055265
0.32063597
0.32091373
0.32107452
0.32128575
0.32141772
0.3214786
0.32151347
0.32203975
0.32222036
0.32228196
0.32235378
0.32240543
0.32282305
0.32285792
0.32326233
0.32346165
0.32394361
0.323976
0.32438594
0.32445726
0.32493386
0.32508358
0.32552665
0.32600585
0.32623085
0.32646853
0.32653415
0.3271877
0.32725033
0.3278657
0.32799408
0.3280999
0.32816738
0.32867768
0.32968074
0.32993802
0.33055717
0.33097243
0.3310468
0.3316522
0.33185148
0.3319617
0.3321519
0.3322323
0.33232442
0.332469
0.33261335
0.33279705
0.33292195
0.33300248
0.33335975
0.33347026
0.33368623
0.33411092
0.33421695
0.3342793
0.33437818
0.3344181
0.33444366
0.33449873
0.3346637
0.33477172
0.33522007
0.33530086
0.33534256
0.33539236
0.33769205
0.33775562
0.3383314
0.3387604
0.33887422
0.338912
0.33951765
0.33966723
0.3405675
0.34071627
0.34075162
0.34083363
0.34089044
0.34190494
0.34200218
0.3422388
0.3429063
0.34318364
0.3433772
0.3435163
0.34369737
0.34388146
0.34400406
0.3440539
0.3444591
0.34516668
0.3457873
0.34592947
0.34638187
0.34656104
0.34671322
0.34677795
0.34686702
0.3472905
0.34735525
0.34795004
0.34807637
0.34814698
0.34826016
0.34830287
0.34843567
0.3488484
0.34970105
0.3499447
0.35004798
0.3503378
0.35109124
0.35119805
0.3512904
0.3514553
0.351561
0.35198316
0.3524766
0.3525232
0.352547
0.3527358
0.35295352
0.35314772
0.35418582
0.35512808
0.35533932
0.3555195
0.3557735
0.35617778
0.35645553
0.35651845
0.35672233
0.35691676
0.357167
0.357411
0.35768345
0.3586259
0.35873675
0.35904574
0.3597004
0.3601305
0.36024034
0.36086872
0.36132628
0.36140275
0.3615138
0.3617163
0.36206514
0.36246783
0.36254364
0.36263514
0.3627827
0.36298484
0.36321652
0.3632668
0.3639575
0.36444584
0.36528563
0.36541197
0.36573762
0.3670325
0.36739984
0.36804584
0.36838213
0.36893496
0.3693686
0.36963978
0.3698785
0.3703339
0.3706326
0.3707751
0.37103328
0.37143844
0.3718373
0.37195802
0.3724537
0.37254834
0.37262443
0.37304646
0.37370613
0.3740172
0.37436688
0.37497047
0.3750445
0.37527636
0.37543243
0.37548923
0.37559187
0.37665763
0.37682518
0.3773079
0.37739787
0.3777786
0.37788382
0.3779902
0.37844595
0.37911552
0.37918532
0.37939247
0.3797951
0.38045695
0.3807642
0.38126943
0.38167578
0.38175353
0.38224682
0.38238227
0.38268682
0.38286117
0.38323167
0.3833811
0.38348722
0.3836453
0.3840017
0.38429123
0.38446286
0.38470215
0.385297
0.38582817
0.38616395
0.38646108
0.3876905
0.38792008
0.38813624
0.3883749
0.3885932
0.3886791
0.38884565
0.38982305
0.3901122
0.39052495
0.3909084
0.39138934
0.39166015
0.39191207
0.3931106
0.39315256
0.3935052
0.39391962
0.39419666
0.3944246
0.39564243
0.39582205
0.39588913
0.39636615
0.39652887
0.39664233
0.39699456
0.39707583
0.3972765
0.3973229
0.39747408
0.39755064
0.39771083
0.39790568
0.3980863
0.39846537
0.39869666
0.39903474
0.3993688
0.39992315
0.4006568
0.4007769
0.40092072
0.4014216
0.40161204
0.40184903
0.40215954
0.40241823
0.40265518
0.40283823
0.4030696
0.4031247
0.40325022
0.4037285
0.40382433
0.40388703
0.40405566
0.40420362
0.4047202
0.4060002
0.40614238
0.40666234
0.40737638
0.4074553
0.40771988
0.40802127
0.40820634
0.40828884
0.40844828
0.40899485
0.40941992
0.40993294
0.41016847
0.41054422
0.41139632
0.4115391
0.41189784
0.41196427
0.4123646
0.4125141
0.41283745
0.41310135
0.41319934
0.41331506
0.41336957
0.41339806
0.4137116
0.4139476
0.41398647
0.41447765
0.41457182
0.41468716
0.41481286
0.41486588
0.41512436
0.4154757
0.41557992
0.41632494
0.41658932
0.41686955
0.4171753
0.41738552
0.41790128
0.4179607
0.41822067
0.41831186
0.42006427
0.42024013
0.4203732
0.42051998
0.42067662
0.42076492
0.42118284
0.42194465
0.42218983
0.42262223
0.4233393
0.42358193
0.42381617
0.42398077
0.4240625
0.4248076
0.42535383
0.42559454
0.42582855
0.42592803
0.42621255
0.42637438
0.42647064
0.42772186
0.00071709
0.00342287
0.00356214
0.00387003
0.00422449
0.00455677
0.00527842
0.00577683
0.00770948
0.00893235
0.00969137
0.01164861
0.01237058
0.01307908
0.01361464
0.01382236
0.01462547
0.01543805
0.01630354
0.01707402
0.01755412
0.01816484
0.01952534
0.0199293
0.02059208
0.02065758
0.02103801
0.0220998
0.02225509
0.02432838
0.02452785
0.02520772
0.02535402
0.02642022
0.02647886
0.02687969
0.02742278
0.027557
0.02809168
0.02826362
0.02850076
0.02964762
0.02984523
0.03023065
0.03078577
0.03105779
0.03168122
0.03211932
0.03227023
0.03320076
0.03331527
0.03339794
0.03348011
0.03365012
0.03407014
0.03489478
0.03495308
0.0352114
0.03626376
0.03639337
0.03647321
0.03658619
0.03673718
0.03679566
0.03690508
0.03702857
0.03799333
0.03808597
0.03814496
0.03821485
0.03863566
0.03883236
0.0394521
0.03949973
0.03959895
0.03964696
0.03975092
0.03989964
0.04001104
0.04017812
0.04037977
0.04053538
0.04083918
0.04092006
0.04095796
0.04100356
0.04130746
0.04152758
0.04169111
0.04177506
0.04201783
0.04212452
0.04217836
0.04232837
0.04243165
0.04255789
0.0426635
0.04323031
0.04362755
0.0439959
0.0441562
0.04424172
0.04437711
0.04447899
0.04516323
0.04524703
0.04531921
0.04540244
0.04563703
0.0470764
0.04719039
0.04723075
0.04772194
0.04793946
0.04819779
0.04841106
0.0484744
0.04856723
0.04890684
0.0490972
0.04937159
0.04950432
0.04964
0.05012548
0.05020635
0.05054203
0.05066141
0.05110008
0.05135162
0.05156665
0.0520591
0.05219629
0.052704
0.05279716
0.05290789
0.05301082
0.05310675
0.05318163
0.05394957
0.05406165
0.05421743
0.05438806
0.0544288
0.05448755
0.05495274
0.05512595
0.05527005
0.05576092
0.05603085
0.05632659
0.05641726
0.05667217
0.05672798
0.05706678
0.05729182
0.05757531
0.05782203
0.05795649
0.05799752
0.05808938
0.05830102
0.05842221
0.05887755
0.05905334
0.05940435
0.05946864
0.05952584
0.0597659
0.05990087
0.06014362
0.0602771
0.0607301
0.06077137
0.06082107
0.06102874
0.06110235
0.06124661
0.06190843
0.06214634
0.06247298
0.06279469
0.06282644
0.06319206
0.06327258
0.06333899
0.06397815
0.06424522
0.06440638
0.06447858
0.0649004
0.06544143
0.06552786
0.06564293
0.06585472
0.06598639
0.06648711
0.06659905
0.06676089
0.06688457
0.0669492
0.06750626
0.06767939
0.06833713
0.06846762
0.06864274
0.06878604
0.06893858
0.06918166
0.06928928
0.06939142
0.06946094
0.06951842
0.06968645
0.06992424
0.07004193
0.07020462
0.07026763
0.07029939
0.07093751
0.07099773
0.07105449
0.071087
0.07111955
0.07122432
0.07126026
0.07139041
0.07160559
0.07174037
0.07199837
0.07205982
0.07213148
0.07224476
0.07241135
0.07249606
0.07256742
0.07260923
0.07268601
0.07276347
0.07286868
0.0729418
0.07311367
0.07322252
0.07346591
0.0734999
0.0736099
0.07381389
0.07398041
0.07409245
0.0743406
0.07468618
0.07487076
0.07503533
0.0751688
0.07537118
0.07540779
0.07576747
0.07592615
0.07648773
0.0765511
0.07663822
0.07667501
0.07672461
0.07687532
0.07691842
0.0770468
0.07715189
0.07734672
0.07757355
0.07775326
0.07781604
0.07790527
0.07803348
0.07807378
0.07812088
0.07817215
0.07834382
0.07848015
0.07851635
0.07860274
0.07894564
0.07903153
0.07911862
0.07915217
0.07925563
0.07935556
0.07939687
0.07947326
0.07984637
0.07989806
0.07994036
0.08039477
0.08086909
0.08110415
0.08117249
0.08165718
0.08193663
0.08205383
0.08221384
0.08238952
0.08298562
0.08318681
0.08359099
0.08391889
0.0840533
0.08409501
0.08482101
0.08523665
0.0854008
0.08559162
0.08585885
0.08591367
0.08605428
0.08638379
0.08641453
0.08668587
0.08672895
0.08681501
0.08699392
0.08733728
0.08762288
0.0876696
0.08792641
0.08820369
0.08845853
0.08857287
0.08869155
0.08940666
0.08944581
0.08985555
0.09004521
0.09033662
0.09052258
0.09057346
0.09065528
0.09080253
0.09090511
0.09101627
0.09122782
0.09124972
0.0917611
0.09183519
0.09190546
0.09271757
0.09339248
0.09413698
0.09444011
0.09464695
0.09487598
0.09529258
0.095323
0.09570896
0.09609928
0.09621858
0.09660974
0.09692378
0.09697701
0.09709125
0.09736427
0.09789865
0.09816617
0.09828901
0.09843834
0.09861024
0.09868834
0.09910198
0.09955943
0.09967821
0.10007189
0.10115907
0.10135064
0.10144997
0.10170557
0.10179787
0.10200771
0.10250828
0.10262944
0.10299689
0.10318455
0.10327051
0.10336618
0.10381224
0.10431443
0.10434514
0.10504413
0.1056024
0.1059944
0.10616139
0.10620972
0.1064685
0.10668816
0.10756013
0.10824263
0.1087207
0.10880058
0.10912051
0.10924358
0.10970102
0.11002622
0.11006349
0.11023139
0.11055257
0.11072597
0.11079462
0.11125449
0.11143121
0.11172222
0.1123571
0.11289573
0.11345825
0.11366116
0.11382829
0.11396922
0.11406548
0.1141457
0.11456206
0.11461367
0.11480524
0.11497498
0.11500498
0.11502908
0.11504459
0.11525486
0.11559433
0.11579955
0.11583943
0.11586685
0.11591142
0.11598144
0.11642828
0.11664934
0.1167829
0.11682837
0.11690994
0.11698817
0.11707441
0.11719685
0.11722468
0.11743435
0.11750216
0.1177152
0.11782803
0.11823156
0.11828077
0.118374
0.11839291
0.11860115
0.11868323
0.11870883
0.11896195
0.11902757
0.11907743
0.11919429
0.11928542
0.11957186
0.1197688
0.11983124
0.11994661
0.11998028
0.12046261
0.12080301
0.12090228
0.12120307
0.12134059
0.12139132
0.1218828
0.12191924
0.122185
0.12228166
0.12248348
0.12255678
0.12265316
0.12271694
0.12349477
0.12380145
0.12392903
0.12441259
0.12445895
0.12462851
0.12468706
0.12474746
0.12476899
0.12563148
0.12567067
0.12571152
0.12572707
0.12577194
0.12580152
0.12598972
0.12603746
0.12610649
0.12626746
0.12633057
0.12640715
0.12671141
0.1267427
0.1272232
0.12728256
0.12733921
0.12745598
0.12750433
0.1277948
0.12781318
0.12784341
0.12789002
0.12813453
0.12817693
0.1282013
0.12828277
0.12842885
0.12848662
0.12853166
0.12885097
0.1289049
0.1289216
0.12895551
0.12911117
0.1295795
0.12965621
0.1300664
0.13034306
0.13044305
0.13077141
0.13087034
0.13089022
0.13110891
0.13113615
0.13120201
0.1312861
0.13139805
0.13160823
0.13168444
0.13190699
0.13197425
0.13199914
0.13203698
0.1324069
0.13244596
0.13250649
0.13254397
0.13262783
0.13288826
0.13292392
0.13298312
0.13324264
0.13354965
0.1336045
0.13365862
0.13370325
0.13373229
0.13388018
0.13440533
0.13453257
0.13470902
0.13479547
0.13488138
0.13496378
0.13501358
0.13518855
0.13562226
0.13564193
0.13629806
0.13647597
0.13674241
0.13679184
0.13690403
0.13692395
0.1369493
0.13714518
0.13721165
0.1372741
0.13735162
0.13738878
0.13744019
0.13744949
0.13765728
0.13784006
0.1378559
0.13799769
0.13824274
0.13849092
0.13915257
0.14100724
0.14109482
0.1419695
0.14258406
0.14270556
0.14303122
0.14323358
0.14342396
0.14381443
0.14386013
0.14438553
0.1448235
0.14504227
0.14513013
0.14553304
0.14647987
0.14661022
0.14713
0.14723232
0.14737128
0.14745075
0.14823925
0.14835271
0.1489108
0.14919293
0.1492999
0.14951879
0.14955622
0.14973041
0.14993331
0.15035337
0.15059924
0.15065351
0.15101227
0.15105398
0.1514407
0.1516549
0.15206906
0.15226294
0.15237835
0.15268202
0.15275154
0.15286379
0.152907
0.15299873
0.15338722
0.15359038
0.15375946
0.15383066
0.15407044
0.1543096
0.15460816
0.1555317
0.15555765
0.1556164
0.15582842
0.1561447
0.15634063
0.15752544
0.15762949
0.15789136
0.15805326
0.15866333
0.1586793
0.15882705
0.1589121
0.15906252
0.15916964
0.15930368
0.15951091
0.16004501
0.16040681
0.16069554
0.1608248
0.16093664
0.16130115
0.16159052
0.16166511
0.16219081
0.16249982
0.1625466
0.16287287
0.16303289
0.1634212
0.16354853
0.1637281
0.16377416
0.1638792
0.16395094
0.1639936
0.16444449
0.16448174
0.16646546
0.16673516
0.16686268
0.16708799
0.16722046
0.16727804
0.16738743
0.16746445
0.16750313
0.16754289
0.16758478
0.16773435
0.16786878
0.16814458
0.16870758
0.1687742
0.16884837
0.16898897
0.16904978
0.16912094
0.16916573
0.16928418
0.16946387
0.17078638
0.17109458
0.17136197
0.17158064
0.17183656
0.17187434
0.17221062
0.17225435
0.17250961
0.17253357
0.17267309
0.17271435
0.17279759
0.17284517
0.17289743
0.17294426
0.17306358
0.1731649
0.17320837
0.17344733
0.17350425
0.17358798
0.17362303
0.17364846
0.17437288
0.17471616
0.17518835
0.17527996
0.17549887
0.17557864
0.17577851
0.17602736
0.17613202
0.17622581
0.17646958
0.17656244
0.17669185
0.17677164
0.17683254
0.17689556
0.17702527
0.17723224
0.17726769
0.17746009
0.17767797
0.17775087
0.17781425
0.17787032
0.17803523
0.17806615
0.17830446
0.17835177
0.17837776
0.17839722
0.17845759
0.17850068
0.17881565
0.17927043
0.18000913
0.18011111
0.18015277
0.18025649
0.18030709
0.1805852
0.18061101
0.18063541
0.18075058
0.18081325
0.18099782
0.1810817
0.18110049
0.181173
0.18134466
0.18138993
0.18146294
0.18177986
0.18183492
0.18201244
0.1821028
0.18217525
0.18233235
0.1824849
0.18253942
0.1826919
0.18278238
0.18281077
0.18330538
0.18360262
0.18368177
0.18370093
0.18397057
0.18399858
0.18402953
0.1840557
0.18413162
0.18421
0.18426645
0.18429197
0.1843256
0.18446629
0.18452163
0.18455526
0.18457565
0.18462108
0.18464535
0.18467247
0.18470319
0.18480669
0.18482558
0.18489881
0.18528889
0.18540294
0.18554796
0.1856487
0.18568265
0.18573448
0.18601985
0.18603751
0.18605494
0.18670973
0.18674451
0.18725237
0.18731788
0.18753153
0.18780643
0.18789318
0.18793409
0.18809557
0.18820228
0.18951963
0.18965201
0.18967576
0.18970598
0.18997136
0.19001997
0.19039334
0.19042812
0.19052917
0.19068292
0.19113499
0.19116448
0.19120568
0.19122654
0.19129907
0.19132936
0.1915314
0.19162911
0.19185159
0.19197837
0.19200198
0.19202684
0.19238283
0.19272861
0.19282046
0.19286165
0.19315054
0.19332172
0.19334514
0.19339019
0.19347046
0.19360533
0.19362098
0.19373918
0.19417433
0.19420637
0.19438054
0.1944106
0.19480166
0.19485892
0.19496349
0.19513747
0.19520187
0.1953003
0.19532065
0.19547178
0.19552599
0.19560185
0.19562884
0.19564644
0.1957349
0.19603223
0.19683383
0.19687389
0.19701608
0.19722265
0.19736135
0.19739893
0.19747429
0.19752944
0.19761509
0.19767456
0.19780079
0.19788665
0.19883747
0.19888467
0.19898058
0.19917873
0.19922493
0.19946323
0.1994778
0.19964835
0.19969171
0.19983278
0.19992225
0.20070463
0.20098655
0.20108896
0.20119974
0.20126301
0.20132196
0.20143883
0.20161238
0.2016642
0.20169464
0.20174456
0.20177358
0.20182744
0.20186965
0.2019351
0.2019766
0.20200254
0.20213798
0.20229703
0.20237203
0.20241842
0.20291801
0.20301
0.20302711
0.20309679
0.20316884
0.20321473
0.20328467
0.20330869
0.20337342
0.20340173
0.20346081
0.203526
0.20358811
0.20361666
0.2036409
0.20373155
0.20400828
0.20420364
0.20425764
0.20436382
0.20446973
0.20478731
0.20486046
0.20512211
0.2051412
0.20525075
0.20535035
0.20541547
0.20563191
0.20572855
0.20585148
0.20591336
0.2059538
0.20596965
0.20641598
0.20653534
0.20657387
0.20667738
0.20670435
0.20686993
0.20689347
0.20708017
0.2073103
0.2076669
0.20768434
0.2078903
0.2079538
0.20840608
0.20850563
0.2087823
0.20900173
0.20904034
0.20918557
0.20922802
0.20955583
0.20966941
0.2099346
0.2100693
0.21014777
0.21022043
0.21039715
0.2111816
0.21143863
0.21165875
0.21187057
0.21190742
0.21232
0.21238221
0.21250774
0.21254385
0.2127672
0.21282071
0.21301772
0.21315213
0.21329775
0.21339224
0.21342602
0.21368074
0.2137565
0.21386378
0.21398416
0.21404159
0.21409413
0.21415724
0.21418165
0.21420498
0.21427804
0.21440779
0.2144627
0.21474035
0.21478482
0.21480574
0.21484043
0.21550345
0.21553478
0.21578734
0.21618393
0.21625184
0.21629451
0.21657754
0.21665683
0.2173285
0.21748413
0.21753106
0.2175848
0.21772133
0.21835595
0.21840875
0.2184829
0.21881938
0.21890621
0.21900535
0.21919505
0.21931599
0.21937463
0.21946894
0.21950652
0.21971017
0.22032641
0.22039874
0.22052729
0.22087024
0.22106615
0.2211331
0.22116171
0.22119479
0.22149903
0.22158441
0.2218288
0.22186542
0.22191359
0.22195585
0.22197896
0.22207707
0.22248466
0.22327438
0.22344589
0.22355996
0.22374289
0.22435151
0.2243719
0.22444372
0.22455092
0.22459964
0.22496337
0.22536105
0.22538655
0.22540379
0.22551204
0.2256595
0.22577037
0.22649837
0.22696103
0.22712687
0.22728078
0.22745544
0.22768539
0.2278851
0.22791494
0.22807974
0.22812003
0.22828546
0.22834827
0.2285076
0.22923478
0.22929488
0.22945742
0.23000883
0.23007548
0.2301847
0.23057936
0.23094895
0.23097953
0.23103338
0.23113085
0.2311749
0.23140368
0.23143212
0.23149654
0.23155604
0.23183928
0.23195663
0.23198906
0.23218024
0.23239398
0.23276992
0.23290552
0.23309322
0.23448013
0.23478009
0.23527601
0.23548561
0.23572518
0.23603638
0.23622844
0.23641758
0.23667678
0.23693869
0.23700419
0.23714955
0.23744066
0.23773122
0.23781583
0.23818834
0.23826852
0.23832524
0.23852654
0.2387339
0.23895547
0.23917975
0.23921807
0.23926388
0.23942168
0.23954661
0.23957568
0.23961255
0.24051778
0.24070022
0.24098282
0.24103172
0.24132298
0.24150711
0.24160427
0.24196845
0.24265353
0.24268286
0.24275652
0.24284804
0.24344912
0.2435359
0.24384117
0.24398847
0.24403502
0.24432047
0.24439903
0.24466693
0.24474718
0.2449047
0.24498865
0.24507335
0.24514996
0.24541731
0.24583876
0.24592759
0.24608819
0.24631427
0.24669918
0.24689105
0.24701121
0.24798311
0.2481623
0.24828374
0.24844888
0.24866365
0.24872994
0.24878779
0.24965005
0.24978617
0.250207
0.25044248
0.25072765
0.2508232
0.2509714
0.25170165
0.2517223
0.2518926
0.25216016
0.25235194
0.2526421
0.25287217
0.25297827
0.25304165
0.2533672
0.253484
0.2535196
0.25370523
0.25375435
0.25426826
0.25429502
0.25437784
0.2544177
0.25453243
0.25475478
0.25491452
0.25508237
0.25517628
0.25534537
0.25559664
0.25588727
0.25650412
0.25660962
0.25668567
0.25704703
0.2572202
0.25747895
0.25759697
0.25781098
0.2579462
0.2581575
0.25822535
0.25828144
0.2583728
0.2586475
0.25869754
0.25872007
0.25887537
0.25895712
0.25924513
0.25981602
0.2598964
0.2602329
0.26048055
0.26055145
0.26075962
0.26089963
0.26100793
0.26103863
0.26107213
0.26145828
0.2616892
0.26211783
0.26243737
0.2626311
0.26301107
0.26310968
0.26329553
0.2633285
0.26349762
0.26361352
0.2637794
0.26390108
0.2639603
0.26405242
0.26409423
0.2641083
0.2642331
0.26439026
0.26441643
0.26465765
0.26472142
0.26478195
0.26484516
0.26486987
0.26506475
0.2653151
0.26533788
0.2660651
0.26630923
0.2665177
0.26669943
0.26688346
0.2671817
0.2672208
0.26730525
0.267352
0.2688301
0.2689482
0.2690076
0.2690946
0.26916394
0.2692288
0.26943773
0.26991692
0.27010274
0.27052593
0.27118242
0.27129543
0.2713293
0.27140278
0.27145863
0.27181202
0.27246085
0.2725894
0.2726505
0.27269053
0.27281782
0.272959
0.27303284
0.2741354
0.00053528
0.00225308
0.00233244
0.00272658
0.00296155
0.00330119
0.00388543
0.00414077
0.00553057
0.00645907
0.00718186
0.00858345
0.00911006
0.00960919
0.00997004
0.01012134
0.01066335
0.01115012
0.0119344
0.01258106
0.01304699
0.01312896
0.01389214
0.0140553
0.0145608
0.01488246
0.01504297
0.01575558
0.01591328
0.01710005
0.01752557
0.01837181
0.01852873
0.01893535
0.01905189
0.01927541
0.01954993
0.01961287
0.02005817
0.02017846
0.02030238
0.02105244
0.02121853
0.02145559
0.02191402
0.02205165
0.022518
0.02285435
0.02319487
0.02375503
0.02382223
0.02387216
0.02390758
0.02395498
0.02422091
0.02502147
0.02505158
0.02533469
0.0259134
0.02599777
0.02603783
0.02610246
0.02620108
0.02628593
0.02633516
0.02637009
0.02737118
0.02741034
0.02744112
0.02749847
0.02794656
0.02816166
0.0284488
0.0285482
0.02858503
0.0286066
0.02864864
0.02871298
0.02877975
0.02884064
0.02899973
0.02906507
0.02938065
0.02944509
0.02947074
0.02955474
0.02981059
0.02993673
0.0300229
0.0300587
0.03014437
0.03016661
0.03019938
0.03031961
0.03040902
0.03057873
0.03065095
0.03079902
0.03103062
0.03125
0.03137949
0.03144861
0.03151127
0.03160514
0.03229331
0.03239813
0.0324303
0.0324814
0.03291697
0.0343474
0.03440657
0.03442832
0.03470098
0.03481842
0.0350158
0.03514482
0.03518586
0.03528803
0.03545222
0.03551465
0.03562408
0.03568115
0.03573163
0.03621057
0.03627565
0.03634825
0.03641256
0.03670861
0.03687165
0.03698421
0.0374047
0.03745167
0.03791869
0.03797429
0.03802272
0.03808649
0.03815352
0.03821414
0.0386905
0.0387669
0.03888274
0.03899134
0.03901258
0.03903584
0.03938562
0.03955636
0.03959911
0.03982873
0.03995545
0.04001977
0.04010185
0.04024676
0.0402829
0.04056246
0.04068492
0.04084466
0.0410138
0.04110481
0.04113434
0.04119821
0.04128113
0.04132904
0.04149431
0.04154959
0.04167704
0.04170793
0.04174386
0.04182301
0.0418606
0.04197617
0.04205175
0.04217354
0.042189
0.04225619
0.04234274
0.04237712
0.04244173
0.04282444
