0.7300813008130081
0.7667830811020566
0.7751141552511416
0.7545560294687863
0.7656432180334241
0.7770034843205574
0.7568627450980392
0.7671653241273494
0.7877850792423656
0.7572741194486983
0
0
0
0
0
0
0
0
0
0
0
0
0
0
0.023255813953488372
0.02247191011235955
0.031578947368421054
0.030612244897959183
0.0761904761904762
0.07407407407407407
0.08108108108108109
0.08547008547008547
0.1111111111111111
0.13533834586466165
0.16058394160583941
0.1793103448275862
0.18666666666666668
0.19745222929936307
0.1949685534591195
0.20606060606060606
0.2222222222222222
0.22988505747126436
0.24581005586592178
0.25405405405405407
0.28717948717948716
0.30198019801980197
0.30952380952380953
0.3211009174311927
0.33482142857142855
0.35344827586206895
0.36099585062240663
0.372
0.377431906614786
0.38721804511278196
0.3905109489051095
0.3914590747330961
0.39655172413793105
0.39464882943143814
0.41042345276872966
0.4177215189873418
0.4192546583850932
0.4307228915662651
0.43529411764705883
0.44
0.4444444444444444
0.4444444444444444
0.45118733509234826
0.4587628865979381
0.457286432160804
0.4594594594594595
0.46522781774580335
0.4752941176470588
0.4815668202764977
0.4898419864559819
0.4966887417218543
0.5021645021645021
0.505307855626327
0.5114345114345115
0.5213849287169042
0.526
0.5333333333333333
0.5346153846153846
0.5358490566037736
0.5425925925925926
0.5472727272727272
0.5553571428571429
0.5543859649122806
0.5603448275862069
0.5627118644067797
0.565
0.5688524590163935
0.5709677419354838
0.5723370429252782
0.5774647887323944
0.5824345146379045
0.5872534142640364
0.5904334828101644
0.5958702064896755
0.5973837209302325
0.6002865329512894
0.6011315417256011
0.603905160390516
0.609353507565337
0.6119402985074627
0.6157965194109772
0.618229854689564
0.6232073011734028
0.6241956241956242
0.6238881829733164
0.6248431618569636
0.6270136307311028
0.6299019607843137
0.6322815533980582
0.6277108433734939
0.6263473053892216
0.6266349583828775
0.6289752650176679
0.6305361305361306
0.6286043829296425
0.6270022883295194
0.6279863481228669
0.6297968397291196
0.6312849162011173
0.6331491712707182
0.6330777656078861
0.6344902386117137
0.6380236305048335
0.6382978723404256
0.6367476240760296
0.6387434554973822
0.6383419689119171
0.6406570841889117
0.6439471007121058
0.6435045317220544
0.6463536463536463
0.6461843409316155
0.6486751717369971
0.6517509727626459
0.653179190751445
0.6536259541984732
0.6546830652790918
0.6566604127579737
0.6570631970260223
0.6593001841620626
0.6611872146118721
0.6612318840579711
0.6642728904847397
0.6663701067615658
0.6672550750220653
0.6695880806310254
0.6724587315377932
0.6724137931034483
0.6749358426005133
0.6759966072943172
0.6767676767676768
0.6786310517529215
0.6791044776119403
0.6792763157894737
0.6802610114192496
0.6820388349514563
0.6835341365461848
0.6834130781499203
0.6843354430379747
0.6834249803613511
0.6833073322932918
0.6844961240310078
0.6861538461538461
0.6849733028222731
0.6873580620741863
0.6889556724267468
0.6888059701492537
0.6911111111111111
0.6924208977189109
0.6932067202337473
0.6947063089195069
0.6947444204463643
0.6954967834167263
0.6962384669978708
0.6979534227240649
0.6982456140350877
0.7003484320557491
0.7008310249307479
0.7026841018582244
0.7033492822966507
0.7046843177189409
0.7066756574511126
0.707774798927614
0.7083888149134487
0.7076719576719577
0.7078947368421052
0.7091503267973857
0.7103896103896103
0.71078114912847
0.7126363053239256
0.7136479591836735
0.7146480659480026
0.7156368221941992
0.715090795241077
0.716863721219664
0.7167594310451453
0.7160417947141979
0.7171655467318265
0.7182756527018822
0.7181653590826795
0.7198560287942412
0.720763723150358
0.7224199288256228
0.7234669811320755
0.7245017584994138
0.7259475218658892
0.724477958236659
0.7241777264858626
0.7238805970149254
0.7248858447488584
0.7230419977298524
0.7246049661399548
0.7239057239057239
0.7236180904522613
0.7240421987784564
0.7237569060773481
0.7236263736263736
0.7245901639344262
0.7253942359978249
0.7256493506493507
0.7259019924609585
0.7261521972132905
0.7270788912579957
0.7285259809119831
0.7283755274261603
0.7292759706190975
0.7301670146137788
0.731048805815161
0.7324380165289256
0.7331619537275065
0.7340153452685422
0.7338422391857506
0.7326582278481013
0.7324937027707809
0.7326980942828486
0.7335329341317365
0.7343594836146972
0.7350469599604548
0.7353664535169699
0.7366617719040627
0.737457379444715
0.7387300048473098
0.7393822393822393
0.7405093704949544
0.741272118603539
0.7423809523809524
0.7431279620853081
0.7428032090608778
0.7411930483795209
0.7418147801683816
0.7430167597765364
0.7428174235403151
0.7434240886017536
0.7446026642168121
0.7450800915331808
0.7457858769931663
0.746031746031746
0.7466124661246613
0.7467386414754836
0.7474249888042992
0.7485510477039679
0.7491119005328597
0.7502210433244916
0.7508802816901409
0.7519719544259421
0.7517452006980803
0.7516283108988276
0.7525951557093425
0.7527993109388458
0.7534305317324185
0.753202391118702
0.7538265306122449
0.7535986452159187
0.7542158516020236
0.7539882451721243
0.7544960267670431
0.7555185339441899
0.7557030277892991
0.7567121024370095
0.757201646090535
0.7577868852459017
0.7583673469387755
0.7589430894308943
0.759919028340081
0.760483870967742
0.7602409638554217
0.7596961215513794
0.7605577689243028
0.7614132592298531
0.7611704230921312
0.7611351990540007
0.7616804083235179
0.7622213531482206
0.7626656274356975
0.7631987577639752
0.7633410672853829
0.7622350674373796
0.7616122840690979
0.7609942638623327
0.7611428571428571
0.7596810933940774
0.7601210745365116
0.760271390878251
0.7595792637114951
0.7595505617977528
0.7593283582089553
0.7594795539033458
0.7592592592592593
0.7593207825765965
0.7597498160412067
0.76008804108584
0.7598684210526315
0.7592862345229424
0.7597096188747732
0.7601302460202605
0.7595529920692141
0.7604166666666666
0.7605583392984968
0.7606990014265336
0.761549395877754
0.761246900460503
0.7620896576067773
0.7625747449876891
0.7626227208976157
0.7633694512408249
0.7634146341463415
0.7642361111111111
0.7647058823529411
0.7651724137931034
0.7656357388316152
0.7660958904109589
0.7662116040955631
0.7659863945578231
0.7663614784672771
0.7667342799188641
0.7660936973373779
0.7668010752688172
0.7669122572002679
0.7673564753004005
0.7671324018629407
0.7675729442970822
0.7680105750165235
0.7684453227931489
0.7688772160210111
0.7696335078534031
0.7699836867862969
0.7701560468140443
0.7705767984445885
0.7709208400646204
0.7709407216494846
0.7697495183044316
0.7691322446365674
0.7692307692307693
0.7692552514322087
0.7693527918781726
0.7700822264389627
0.7697160883280757
0.769496855345912
0.7698338037002195
0.7698561601000625
0.7695665731212972
0.7699004975124378
0.7702325581395348
0.770015455950541
0.7697996918335901
0.7692071296865396
0.7696078431372549
0.7702413687748243
0.7700274139506549
0.7701184330397813
0.7699061459279443
0.7693932991246605
0.769948810599217
0.76996996996997
0.7694610778443114
0.7698507462686567
0.7696428571428572
0.7694362017804154
0.7695266272189349
0.7696165191740413
0.77
0.7703138750366676
0.7698157355952032
0.7693205016039661
0.7699912765338761
0.770658161786025
0.7710320901994796
0.7708273277601614
0.7714860592124173
0.7720756880733946
0.771934838525293
0.7717948717948718
0.7718101733447001
0.7724567866251063
0.7728171799943487
0.7726120033812341
0.7727528089887641
0.7727654805267582
0.7720033528918693
0.7720813597102257
0.7717542396441479
0.7723870252287219
0.7724633674315732
0.7722007722007722
0.7728272827282728
0.7726275370268788
0.7724288840262582
0.7727768685215494
0.7733949945593036
0.7733441910966341
0.7734163508391987
0.7737580993520519
0.7738287560581584
0.7738383024442653
0.7735798499464094
0.7733226410050789
0.7730666666666667
0.7733439744612929
0.7738853503184714
0.7741593857558909
0.7741679873217115
0.7747629083245522
0.7748292170257488
0.774895178197065
0.7754835337166753
0.7760688216892596
0.776592977893368
0.7763942931258107
0.7757371960682876
0.7757997936016512
0.7761194029850746
0.776694045174538
0.7772657450076805
0.7773237997957099
0.7770700636942676
0.7771283354510801
0.7771863117870722
0.7774968394437421
0.7774136627174187
0.7779733467437767
0.7784746613146011
0.7787787787787788
0.7793310034947578
0.7796314741035857
0.7799304520615996
0.7799256505576209
0.7804697156983931
0.7807644882860666
0.7808118081180812
0.7813496932515337
0.7818849449204406
0.7823644357596483
0.7825980989519864
0.7831266715292974
0.7831149927219796
0.7831558567279767
0.7834379526798648
0.7837186897880539
0.78394616678683
0.7842244066171182
0.7842621382444391
0.7845382963493199
0.784575101166389
0.7850866777487533
0.785122009002606
0.7853935239896006
0.7858995519924546
0.7856974829451894
0.7854963623562544
0.7859985951767736
0.7862648913805186
0.786762992309485
0.7867937688909556
0.7870563674321504
0.7872685185185185
0.7875288683602771
0.7877880184331797
0.7875862068965517
0.7878440366972477
0.7876430205949657
0.7881278538812785
0.7876509455456824
0.7876790179586269
0.7874801542299841
0.7879130828429154
0.7883920505871725
0.7886435331230284
0.7886690647482014
0.7886944818304172
0.7891674127126231
0.7896382313532827
0.7896613190730838
0.7901289461983103
0.7903726708074534
0.7905689617002435
0.791031588248288
0.7914462081128748
0.791684997800264
0.7919227392449517
0.791894852135816
0.7921311475409836
0.7921483097055616
0.7923830250272035
0.7926167209554832
0.7928045080190724
0.7930363321799307
0.793482952093224
0.7939276485788114
0.7941555651052857
0.7943825042881647
0.7944385026737968
0.7948772678762006
0.7953141640042598
0.7953241232731137
0.7955461293743372
0.7957671957671958
0.795987328405491
0.795995785036881
0.7962145110410095
0.7966421825813221
0.7970680628272251
0.7970741901776385
0.797288842544317
0.7977107180020812
0.7975498338870431
0.7975549108992955
0.7977667493796526
0.7977713578208832
0.7981878088962109
0.7983970406905055
0.7986054142739951
0.7990176013098649
0.7992238562091504
0.7996331023236852
0.799633848657445
0.7997969543147209
0.8
0.8004044489383215
0.8004036326942482
0.8006042296072508
0.8008040201005026
0.8009630818619583
0.8013616339607529
0.8015587529976019
0.8017550857598723
0.8019506369426752
0.8021454112038141
0.8023394131641555
0.8027305104867432
0.8026861544538811
0.8030362776025236
0.8034238488783944
0.8038098978790259
0.8039984319874559
0.8043818466353677
0.8045303651630541
0.8043266419801208
0.8041237113402062
0.8041157056882159
0.8041077310598721
0.8040997872751886
0.803898861223702
0.804276632633404
0.8044230769230769
0.8044145873320537
0.8047892720306513
0.8045889101338433
0.8047337278106509
0.8049152219470376
0.8052861760791025
0.8054290053151101
0.8056081849185297
0.805786686838124
0.8057757644394111
0.8059532780708365
0.8063181647235803
0.8064576684813216
0.8068203110361626
0.8069945763979802
0.8073548627963413
0.807677972418934
0.8074418604651162
0.807799442896936
0.8077849860982391
0.8077705827937095
0.8077562326869806
0.807926267281106
0.8077276908923643
0.8080808080808081
0.8075160403299725
0.8076148636280432
0.8079663804129362
0.8079168186793141
0.8076853032234566
0.8076713324850028
0.8072945019052804
0.8072812896214454
0.8070873259808353
0.8066787003610109
0.8066666666666666
0.806799784133837
0.8064631956912028
0.8064516129032258
0.806618962432916
0.8066071428571429
0.8069518716577541
0.8069738480697385
0.8073166400284142
0.8069148936170213
0.8066914498141264
0.8064687168610817
0.8062466913710958
0.8063777307963355
0.8065423848047837
0.8068820224719101
0.8072204696810376
0.8070328901329601
0.8070206077541041
0.8070083682008368
0.8073442394709363
0.8073314801945796
0.8076656260839403
0.8076523545706371
0.8074662979605945
0.8072808833678399
0.8074405787116776
0.8072226999140155
0.8068669527896996
0.8070265638389031
0.807185628742515
0.8073441502988898
0.8073316283034954
0.8074893617021277
0.8073067119796091
0.8072943172179814
0.8074186991869918
0.8074061548867095
0.8073936529372046
0.8073487274565987
0.8073039380679906
0.807627688172043
0.807950352230795
0.8079370395177495
0.8080588530346096
0.8080454014354865
0.8078333333333333
0.8076539101497504
0.8073089700996677
0.8072968490878939
0.8074503311258279
0.8077685950413224
0.8080858085808581
0.8084019769357496
0.8082236842105263
0.8082101806239738
0.8080327868852459
0.8083469721767594
0.8084967320261438
0.8084828711256118
0.8084690553745928
0.8082615059359245
0.8085417343293277
0.8086900129701686
0.8088068641735471
0.8089542589300145
0.8092317624273725
0.809216886883661
0.8095238095238095
0.8094779116465863
0.8096230954290297
0.8097373478539398
0.8097217780620403
0.8098355420724892
0.8101084183673469
0.8100923272843044
0.8102352193261284
0.8103776578863853
0.8106480747900491
0.8109476348679007
0.8109303427578581
0.8107554013562529
0.8107384663832468
0.8106918238993711
0.8106750392464678
0.8108150470219436
0.8109546165884194
0.8109375
0.8110764430577223
0.8110591900311527
0.8110713730368527
0.8112094395280236
0.8111920632460083
0.8111747407522055
0.8112828438948996
0.8114197530864198
0.8114021571648691
0.8115094629943068
0.81179904747273
0.8120877435189446
0.8123755552151938
0.8124808810033649
0.8127672571777642
0.8128717401250571
0.8128521394853053
0.8127090301003345
0.8128699347397177
0.8128220672931191
0.812953995157385
0.8129344212753098
0.8132166566083283
0.8131967460078336
0.8134777376654633
0.813757885250826
0.8140371925614877
0.8141659179395029
0.8142942583732058
0.8144222155867423
0.8146988670244484
0.8148258410241144
0.8150735840642188
0.8153480777794271
0.8153253297761969
0.8153026491046322
0.8154278114378603
0.8155253837072018
0.8157972295903331
0.8160412067696836
0.8162845385067607
0.8164073965365424
0.8165298944900352
0.816798361135499
0.8170660432495617
0.8168952436533411
0.8167249417249417
0.8167006109979633
0.8169668797210924
0.8168891468369124
0.8171279524706564
0.8172478657213138
0.8175119202427394
0.8176309334872313
0.8177496038034865
0.817867932671558
0.8176986065220514
0.817673217615837
0.8176479014467841
0.8174796166499786
0.8175974860734181
0.8177150192554558
0.817974647486113
0.8180913099132413
0.8183496662405908
0.8183236420365906
0.8185809375442572
0.8188118811881188
0.8190677966101695
0.8190409026798308
0.8192957746478873
0.8194092827004219
0.8195224719101124
0.8197503156122878
0.8198627258719708
0.8201147013568332
0.8200614696842693
0.8201729910714286
0.8200947603121517
0.8203451155023657
0.8205947748749305
0.8207049680821538
0.8207011223500069
0.8206724782067247
0.8207820920270831
0.8210293914723333
0.8212513781697905
0.8212221304706854
0.8214678394722374
0.821551132463967
0.8216586703221385
0.8216534355324391
0.8215994531784006
0.8218430034129692
0.8220858895705522
0.8223281143635126
0.8222977566281441
0.8223791417707768
0.8223487930566856
0.822429906542056
0.8226700933315299
0.8225043901121167
0.822363096843809
0.8224676724137931
0.822595830531271
0.8226997985224983
0.8229376257545271
0.8231748158070998
0.8231674692348849
0.8233800935203741
0.8236157438292194
0.8235842771485676
0.8238190286094478
0.8240531561461794
0.8242866622428666
0.8243637327677624
0.8244638602065131
0.8246959280803807
0.824795352521785
0.8250263713080169
0.8252567816697393
0.8254636327765356
0.8255615394719559
0.8257903712449167
0.8257565832569108
0.8258309343103899
0.8259278619968635
0.8261323586999086
0.8263363754889178
0.8265625
0.8267880364109232
0.8268831168831169
0.8271076523994811
0.8273316062176166
0.8274256144890039
0.8276485788113696
0.8277197057684863
0.8277906676978602
0.8278836251287333
0.8277192080226279
0.8278341250481448
0.8280548788306193
0.8281470098604174
0.8281110116383169
0.8280751053774429
0.8279336734693877
0.8281528662420382
0.8283715012722647
0.82858958068615
0.8288071065989848
0.8285171102661597
0.8287341772151898
0.8289506953223768
0.829040404040404
0.8291298865069356
0.8293235923919889
0.829538306705246
0.829752481467521
0.8298406324507467
0.8299285624765008
0.8298911002628614
0.8299787473434179
0.8299413160194781
0.8297792742237187
0.8299912816041848
0.8302027615375047
0.8304137159895639
0.8303759771683832
0.8304622629817822
0.8306721128852581
0.8308605341246291
0.8309459125710051
0.8311544153922052
0.8311368395122553
0.831221552466478
0.8311831920383339
0.8313903546447416
0.8312293173182989
0.8310686742563349
0.8312752170191955
0.8313591403101722
0.8315648249786559
0.8316481910098672
0.8318120968723378
0.8318949799440866
0.8319776617700619
0.832181399296714
0.8322635339711759
0.8324664328051288
0.832548024646611
0.832729905865315
0.8329315332690453
0.8331326751745726
0.8333333333333334
0.8334134037953399
0.8335932813437312
0.8336728579988016
0.8338719329742669
0.8340705319784818
0.8341492537313433
0.8342277877161598
0.8344252531268612
0.8345032718619869
0.8346999405822936
0.8347774480712166
0.8348547717842324
0.834931912374186
0.8348905972797162
0.8349480151228733
0.8351038715769594
0.8350624852629097
0.8351389543099388
0.8352152434721242
0.8351738721804511
0.8353672846749589
0.8354430379746836
0.8354208123609973
0.8351455629603648
0.8352213009459302
0.834849545136459
0.8349254426840633
0.8350011636025134
0.8351929335192934
0.835384258184351
0.8354591836734694
0.8355339356034283
0.8354928273947246
0.8356829211925121
0.8358725761772853
0.8360617938667282
0.8362505757715338
0.8364389233954451
0.8366268382352942
0.836814321781042
0.8370013755158184
0.8371880009159606
0.837259835315645
0.837217272104181
0.8374030123231401
0.8375883291543196
0.8375455373406193
0.837616556743234
0.8378009995456611
0.8378715679600636
0.8380553037171351
0.8381254244962645
0.838082315694256
0.838152247571719
0.8383348375451264
0.8385170160018031
0.8385862224223323
0.8386552732178997
0.8386118598382749
0.8387929100291676
0.8388614970865083
0.8390418625475711
0.8391100178890877
0.8391780209962029
0.8392458723784025
0.8393135725429017
0.8392877017250974
0.8390216787103947
0.8389783453636869
0.8390281783891724
0.8392065602836879
0.8393845472658844
0.8391376451077943
0.8393152954168968
0.8393822393822394
0.8393388429752067
0.8394980184940555
0.8396745106663734
0.8398506151142355
0.8400263331138907
0.8400920648838229
0.8401576527260783
0.8403324584426947
0.8405068822372733
0.8406809253601047
0.8404185742315239
0.8405923344947736
0.8406569501849032
0.8408300738809213
0.8407857607987844
0.8409583694709454
0.8409878682842288
0.8410517204068384
0.8411154345006485
0.8411790110127402
0.8411345987920621
0.8411809072298244
0.841227125941873
0.8412903225806452
0.8414607948442535
0.8416139070715742
0.8417836852824526
0.8417389442124424
0.8418012621670767
0.8419534088480445
0.8421221178479932
0.8420772019620388
0.842032381763954
0.842183675641162
0.842245136600404
0.8422002760964213
0.8423676673384958
0.8423227720673943
0.8424896792632581
0.8425504916992704
0.8427001901542363
0.8428496042216359
0.8429098576700053
0.8430587739625026
0.8431186868686869
0.8431784738280429
0.8433266827680352
0.8434910311549355
0.8434454574033323
0.8436093373809275
0.8436683049252327
0.8437108232344338
0.8438739302859528
0.8440366972477065
0.8441828976148318
0.8443450213297263
0.8444906444906445
0.8446521287642783
0.844693432928727
0.8447507513731993
0.8447044207474894
0.8448650325783431
0.8450253125322864
0.8450820518113324
0.8450675188124935
0.8451240860879415
0.845164609053498
0.8452209660842754
0.8452772073921971
0.8454358974358974
0.8453893442622951
0.8454452405322416
0.8452965235173824
0.8454545454545455
0.8456122448979592
0.845769622833843
0.8459266802443992
0.8459660189235935
0.8461225734322594
0.8460757437303279
0.8460133901399878
0.8460680989055533
0.8461226969022069
0.8461771844660194
0.846130531420489
0.8461693751892602
0.846324493294343
0.8464792988818374
0.8465331589010768
0.8465869106263195
0.8466405543838506
0.8466940904986455
0.8466472887641575
0.8467007109242015
0.8466539961988596
0.8468072349355451
0.8468603374263751
0.8469133339982049
0.8469662249676198
0.8469042404937288
0.8469570405727923
0.847109080071528
0.8471464019851117
0.8472979672781359
0.8472511144130758
0.8472043542800594
0.847256549678695
0.8472098765432099
0.8472619634928465
0.8472988958990536
0.8472523143588734
0.8474025974025974
0.8475525850206409
0.847687322007267
0.8478367507112724
0.847789865725767
0.8476302389345868
0.8477792995499902
0.8479280688037529
0.8478812731888303
0.8480296527506828
0.8479828493471059
0.8477562542587365
0.8476125644267237
0.8476634606042942
0.8477142579831117
0.847764956850577
0.8477186864283639
0.8475757282492984
0.8477230977472687
0.8477735921954989
0.8478239891923188
0.8477632086386425
0.8478135234058948
0.8478637413394919
0.8475439776987408
0.8475943532123308
0.8476300134331223
0.8475843558282209
0.8477157360406091
0.8477657640417186
0.8478156963961381
0.8476745296533282
0.8477244537734949
0.8477742827185206
0.8479192457861157
0.8479687945961374
0.8478281532173748
0.8479726521697845
0.8480220092970306
0.8480712728651313
0.8482151311428842
0.8482641188156277
0.8484075229184387
0.848267396846379
0.8483161965852278
0.8481764206955047
0.8483193672912155
0.8481798513780453
0.8479466215581243
0.8479016054830533
0.8477628740268267
0.8477181145159779
0.8476734388165902
0.8475353100738939
0.8474908887019905
0.8476332742040893
0.8475888443242234
0.8474513092908397
0.8475002327530026
0.8474560505999442
0.8473190223956881
0.847275090520843
0.847231240144699
0.8470948012232415
0.8471437829830571
0.8472851725094811
0.8471490620090565
0.8470914127423823
0.8470479704797048
0.8469124423963134
0.8470534069981583
0.8471021159153634
0.8472426470588236
0.8472910927456382
0.8473394495412844
0.8473877176901925
0.8472667338155847
0.8473149757570213
0.8473631295128417
0.847502511186193
0.847459173433081
0.8475982134718804
0.8476459338858028
0.8476025839323083
0.8472866103081538
0.8474253019707565
0.8473822702114145
0.8474299700843079
0.8472826086956522
0.8473303167420815
0.847377938517179
0.8472586035588474
0.847396444364227
0.84735371021549
0.84740113503288
0.8473584735847358
0.8474058088301412
0.8473769313690263
0.8475139113265123
0.8475609756097561
0.8476079555635191
0.8476548514142499
0.8477016633875872
0.8476590421729807
0.8476164970540975
0.8473956475205138
0.8473534129388701
0.8474002849002849
0.8474470734744707
0.8472271596160682
0.8472740188243651
0.8473072486913318
0.8472653133587448
0.8473120184217519
0.8474471285726927
0.8474935903103173
0.8474516385478315
0.8474845542806708
0.8473544973544973
0.8473127753303965
0.8472711267605634
0.847141600703606
0.8471746199138764
0.8470453946790762
0.8471795771558909
0.8470505741081602
0.8470093703476662
0.8468941382327209
0.8469405594405595
0.8468995633187772
0.8469458987783595
0.8470793374019181
0.8468641114982578
0.8469103568320279
0.8469565217391304
0.8469157254561251
0.8470486111111111
0.8471680111024373
0.8473004593118988
0.8473328714928992
0.847378439176328
0.8475103734439834
0.8475557091034721
0.8476872626855367
0.8475467793394843
0.8475058154561902
0.8474649220969269
0.8474240990797283
0.8473833462232534
0.8474285223662745
0.8474736210002574
0.847518642324505
0.8473923096685793
0.8474373235218619
0.8475677524151491
0.8476125395062782
0.847644247183339
0.8476036158962988
0.8476482617586912
0.8476076962370168
0.847652262674379
0.8476967533571307
0.84765625
0.8477006618021381
0.8478297728043405
0.8476198543113671
0.8477488151658767
0.8477213156337194
0.8478371071307874
0.8477967246327874
0.8476720647773279
0.8477289963765062
0.8477730066515113
0.8478169428787752
0.8476926956375557
0.8477366255144033
0.8478643954015272
0.8479081076549007
0.8479517466700176
0.8478279065874278
0.8478715396838672
0.8479150998579427
0.8478750939300326
0.8477517310419621
0.8478659553184394
0.8478260869565217
0.8479527296937417
0.8479002079002079
0.8479434981304529
0.8479740949850548
0.8480172556827609
0.8480603448275862
0.8481861851913202
0.8483118172790467
0.8484372416074086
0.8484673221515326
0.8485098654338314
0.8486348263631115
0.8485123217670815
0.8486370748579428
0.8486793384349544
0.8487215325166488
0.8488458062926149
0.8488057128786013
0.8487656852292299
0.8488076702450217
0.8488495865061819
0.8488096212059233
0.8488514673424344
0.8488932451196602
0.8489349547049702
0.8488135040365327
0.8489366902957712
0.848896849303916
0.8490197673472708
0.8488173616191172
0.8489401445626573
0.8489004300900754
0.8489418632936025
0.8489022117799563
0.8490245284546264
0.849065760737685
0.848864462943506
0.8489057578938868
0.8489469862018881
0.8489075223736193
0.8489486828325143
0.8490581226855579
0.8490990990990991
0.8492203825751486
0.8491687414665489
0.8490490329829067
0.8490898885414161
0.8491185897435898
0.8491593274619695
0.8491879350348028
0.8493084978815253
0.8494288681204569
0.849229786894405
0
0.36363636363636365
0.6666666666666666
0.7096774193548387
0.7317073170731707
0.7450980392156863
0.7258064516129032
0.7323943661971831
0.7037037037037037
0.7032967032967034
0.696078431372549
0.6818181818181818
0.7033898305084746
0.703125
0.6956521739130435
0.7027027027027027
0.7088607594936709
0.7083333333333334
0.7078651685393258
0.708994708994709
0.7085427135678392
0.7129186602870813
0.7155963302752294
0.7224669603524229
0.7245762711864406
0.7317073170731707
0.73828125
0.7396226415094339
0.7490909090909091
0.7508771929824561
0.757679180887372
0.7615894039735099
0.7660256410256411
0.7670807453416149
0.7740963855421686
0.7784256559766763
0.7790368271954674
0.7823691460055097
0.7855227882037533
0.7859007832898173
0.7888040712468194
0.7866004962779156
0.7888349514563107
0.7933491686460807
0.7865429234338747
0.7868480725623582
0.7822222222222223
0.7821350762527233
0.7846481876332623
0.7845188284518828
0.7889344262295082
0.7931726907630522
0.797244094488189
0.7992277992277992
0.7988614800759013
0.7988826815642458
0.8025594149908593
0.8025134649910234
0.7975352112676056
0.7993079584775087
0.8027210884353742
0.8060200668896321
0.8088962108731467
0.8119935170178282
0.8133971291866029
0.8163265306122449
0.8173374613003096
0.8185975609756098
0.8213213213213213
0.8239644970414202
0.8248175182481752
0.8258992805755395
0.8226950354609929
0.8251748251748252
0.8275862068965517
0.8299319727891157
0.8322147651006712
0.833112582781457
0.8352941176470589
0.8361290322580646
0.8369426751592357
0.8364779874213837
0.8383084577114428
0.8402948402948403
0.8422330097087378
0.8441247002398081
0.8447867298578199
0.8454332552693209
0.8472222222222222
0.8489702517162472
0.8495475113122172
0.8512304250559284
0.8528761061946902
0.8533916849015317
0.8538961038961039
0.854389721627409
0.8559322033898306
0.8563941299790356
0.8558091286307054
0.8552361396303901
0.8556910569105691
0.8571428571428571
0.8585657370517928
0.8599605522682445
0.859375
0.8607350096711799
0.8611111111111112
0.8614800759013282
0.8609022556390977
0.8584729981378026
0.8597785977859779
0.8610603290676416
0.8614130434782609
0.8608617594254937
0.8610863757791629
0.8621908127208481
0.8632778264680105
0.8627280625543006
0.8613264427217916
0.8616567036720751
0.8619813717188823
0.8623005877413937
0.8626144879267277
0.861271676300578
0.8624078624078624
0.8626016260162601
0.8629032258064516
0.8630904723779024
0.8617950754567116
0.8605200945626478
0.8608287724784989
0.8619084561675717
0.8607692307692307
0.8618320610687022
0.8621212121212121
0.862406015037594
0.8634328358208955
0.8644444444444445
0.8646063281824872
0.8654970760233918
0.8664731494920174
0.8667146974063401
0.8676680972818311
0.8686079545454546
0.8688293370944993
0.8697478991596639
0.8692628650904033
0.8686938493434693
0.8689087165408373
0.8698023176550784
0.8706838185511171
0.8707940780619112
0.8709893048128342
0.8711819389110226
0.8706270627062707
0.8701639344262295
0.8703583061889251
0.8711974110032362
0.8720257234726688
0.8728434504792332
0.8723809523809524
0.873186119873817
0.8727272727272727
0.8728971962616823
0.8724458204334365
0.8732307692307693
0.8740061162079511
0.8741641337386018
0.8749244712990937
0.8756756756756757
0.8764179104477612
0.8759643916913946
0.8766961651917404
0.8774193548387097
0.8775510204081632
0.8782608695652174
0.878386167146974
0.8779369627507163
0.878062678062678
0.8781179138321995
0.8782412626832018
0.8789237668161435
0.8789737869492471
0.8796450360510261
0.8803088803088803
0.8798683488754799
0.8804585152838428
0.8805646036916395
0.8812095032397408
0.8813104189044039
0.8803418803418803
0.8804463336875664
0.88107822410148
0.880651945320715
0.8807531380753139
0.881311816762103
0.8819264629725531
0.8825347758887172
0.8831368528959508
0.8837327893931668
0.8822335025380711
0.8818181818181818
0.8819095477386935
0.882
0.882587064676617
0.8831683168316832
0.8832512315270936
0.8838235294117647
0.8839024390243903
0.8844660194174757
0.8845410628019323
0.8850961538461538
0.885645933014354
0.8856598380181039
0.8857278330962541
0.8857951864086834
0.8858619069985909
0.8863955119214586
0.8859934853420195
0.8865215377489578
0.8865836791147994
0.8871041762276274
0.8876199177706715
0.8876251137397634
0.8881340579710145
0.8881875563570785
0.8886894075403949
0.8887399463806971
0.8883451957295374
0.8883968113374667
0.8888888888888888
0.888937664618086
0.888986013986014
0.8894691035683203
0.889948006932409
0.8904227782571182
0.8908934707903781
0.8913601368691189
0.8918228279386712
0.8922815945716709
0.8927364864864865
0.8927219183845183
0.8923334729786343
0.8927826449728827
0.8932280847528044
0.8936698386429458
0.8936959208899876
0.8941321296676241
0.8945647731916633
0.8945868945868946
0.8946088366436968
0.8949919224555735
0.8954143201930812
0.8954326923076923
0.8958499600957701
0.8962226640159046
0.8962376237623763
0.8962524654832347
0.8966601178781926
0.8966731898238748
0.8970760233918129
0.8974757281553398
0.8975251353441609
0.8979198767334361
0.897544128933231
0.8979357798165137
0.8975628332063975
0.8975720789074355
0.8975812547241119
0.8979668674698795
0.8983495873968492
0.898729446935725
0.8991064780342517
0.8994434137291281
0.899815157116451
0.8998158379373848
0.9001834862385321
0.9005484460694698
0.9009107468123861
0.9005444646098003
0.9005424954792043
0.9009009009009009
0.9012567324955116
0.9016100178890877
0.901925820256776
0.90227434257285
0.9026203966005666
0.9026111503175723
0.9026019690576652
0.9029432375613174
0.9025837988826816
0.9018789144050104
0.901872399445215
0.9022114720110573
0.9018595041322314
0.9015099519560741
0.9018467852257182
0.9021813224267212
0.9021739130434783
0.9018280297901151
0.9014844804318488
0.9008069939475454
0.9004691689008043
0.9008016032064128
0.9011318242343542
0.9007962840079629
0.9001322751322751
0.9004614370468029
0.9004599211563732
0.899803536345776
0.9001305483028721
0.9001301236174366
0.9001297016861219
0.9004524886877828
0.9007412181759588
0.901060070671378
0.9013768812039705
0.9013724864347271
0.9016549968173138
0.9016185337987941
0.9019297690604239
0.902239041311889
0.9022320025149324
0.9022250078345346
0.9022180568572321
0.9022111491747119
0.9022042843837318
0.9025069637883009
0.9024992286331379
0.9024915410642879
0.9024539877300614
0.9024464831804281
0.9024390243902439
0.9027355623100304
0.9026977872082449
0.9029918404351768
0.9032841217234107
0.9029738660258336
0.9032644504342617
0.903254702896387
0.903542721047931
0.9035322054021965
0.903789224393132
0.9034543844109831
0.9028554607006182
0.9028185554903112
0.9028103044496487
0.9025102159953299
0.9022118742724098
0.9024956471271038
0.9019097222222222
0.9016156953260243
0.9018987341772152
0.9018651362984218
0.901859799713877
0.9021398002853067
0.9024182076813656
0.902127659574468
0.9021216407355022
0.9018335684062059
0.9018284106891702
0.9018232819074333
0.9015384615384615
0.901534170153417
0.9012517385257302
0.9006934812760056
0.9006915629322269
0.9009381898454746
0.9003852504127683
0.900384193194292
0.9006568144499179
0.9006550218340611
0.9006532389765922
0.9006514657980456
0.9003789929615593
0.9006211180124224
0.9003501211957985
0.9000805801772764
0.9003215434083601
0.9005879208979155
0.900319829424307
0.9003189792663477
0.9005832449628844
0.9008198889182756
0.9005801687763713
0.9000788850907179
0.8998164175190139
0.9000784724038713
0.9000782676754501
0.8998178506375227
0.8995848469122989
0.8995859213250518
0.8995869901910171
0.8998455200823893
0.8993323061119671
0.8995901639344263
0.8991060025542784
0.8988535031847134
0.8991105463786531
0.8988593155893536
0.8988621997471555
0.8988650693568726
0.8991194968553459
0.898870765370138
0.8991239048811014
0.8991260923845193
0.898879202988792
0.8988568588469185
0.8986117997025285
0.8983679525222552
0.8983469035282506
0.8985721319547021
0.8988212180746562
0.8990443518745406
0.8990466878513811
0.8992928554011217
0.899537825346631
0.8995389468575589
0.8997821350762527
0.9000241487563391
0.9002649963864129
0.9005046863734679
0.9000479386385427
0.900286944045911
0.9005248091603053
0.9007615421227987
0.9009971509971509
0.9012316437707247
0.900992438563327
0.900990099009901
0.900752587017874
0.9009854528390427
0.9012172284644194
0.9014479215319944
0.9016546259613144
0.9018832829574518
0.9021108791463698
0.9023374218930803
0.902562918494574
0.9025345622119816
0.9025287356321839
0.9025229357798165
0.902745995423341
0.9027397260273973
0.9029612756264237
0.9031598090475108
0.9033794511227036
0.9035980991174474
0.9033641905622036
0.9035818878125704
0.9037986064284109
0.9040143529939448
0.9042291340344596
0.9042196918955124
0.9042102918244598
0.9042009335407868
0.9039698381015746
0.904182341225935
0.9039523073526164
0.9039435999118749
0.9041547592877556
0.9041456459749945
0.9043345008756567
0.9045434687636522
0.9047515257192676
0.9049586776859504
0.9047309027777778
0.9049372022520572
0.904905986600389
0.9051110631874056
0.9053152571551538
0.9055185741893923
0.9055067495178916
0.9054949754115886
0.9056966076381481
0.9054715776027251
0.9056724028043339
0.9054483782064872
0.9056484027924688
0.9058475828583492
0.9060459237413103
0.9058229976876182
0.9060205580029369
0.9062172911869374
0.9064132024232295
0.9066082968521992
0.9068025795714583
0.9067884575461905
0.9067743940335612
0.9069671283853629
0.9071399092034668
0.907331136738056
0.9073160706946157
0.9073010664479081
0.90749079001228
0.9072712418300654
0.9072564207093355
0.9074450772986168
0.9076329679252944
0.9078200972447326
0.90760210270926
0.9077885391444713
0.9079742247281515
0.9081591639871383
0.9081427998395507
0.9083266613290633
0.9085097882540951
0.9086921850079744
0.9086748905690409
0.9088562351072279
0.9090368608799049
0.9090189873417721
0.9091985787603633
0.9093774625689519
0.9095556429414078
0.9097331240188383
0.9097140618879749
0.9096950742767788
0.9094810768630511
0.9094626168224299
0.9096385542168675
0.9094259115593484
0.9096012388695316
0.9097758887171561
0.9097570381797146
0.9099307159353349
0.9101037264694584
0.9102760736196319
0.9104477611940298
0.9102368220015279
0.9104079298513152
0.9105783866057838
0.9105582985187999
0.9107278241091736
0.9108967082860386
0.9108761329305136
0.9110441010177158
0.9112114371708051
0.9113781449493052
0.9115442278860569
0.911522633744856
0.9116878267363704
0.9118524040253447
0.9116443452380952
0.9117920148560817
0.9119555143651529
0.9121184088806661
0.9122807017543859
0.9124423963133641
0.9124033860875966
0.9123806024981631
0.9125412541254125
0.9125183016105417
0.9126781147241505
0.9126549963530269
0.9126319621405169
0.9127748500817736
0.9127358490566038
0.9125316914161535
0.9126898047722343
0.9124864669794298
0.9124482075301747
0.9126056464664629
0.9127625201938611
0.9129188317505823
0.9130745841531032
0.9132297803963578
0.913206202103012
0.913360611990749
0.9135144734505416
0.9136677893990427
0.9138205627322598
0.9137961490902667
0.9139481572914829
0.9140845070422535
0.9140597539543058
0.9142105263157895
0.9141856392294221
0.9141608391608391
0.9139616055846422
0.9139372822299652
0.9135652173913044
0.9137152777777777
0.9133448873483535
0.9131487889273356
0.9132987910189982
0.9132758620689655
0.9132530120481928
0.9132302405498282
0.9128644939965694
0.913013698630137
0.912991452991453
0.9127986348122867
0.9126064735945486
0.9127551020408163
0.9127334465195246
0.912542372881356
0.9126903553299492
0.9125
0.9126475548060708
0.9126409695337485
0.9127877667618888
0.9125985572890455
0.9124099815776252
0.9123745819397994
0.9120200333889816
0.9118333333333334
0.9116325511732402
0.9117793653430802
0.9119256924863162
0.9119059446928299
0.9117209456108447
0.9117016009242449
0.9118470917778876
0.9116631024839612
0.9118081786828708
0.91178881783899
0.9117695203797676
0.9114234352018303
0.911404796867352
0.9115491122332627
0.9113677020653765
0.9115116090274396
0.9116550494407522
0.9117980255704806
0.9119405396671514
0.9119212776254234
0.9119020776292479
0.9118829393793214
0.9120102761721259
0.9119910227637064
0.9119718309859155
0.9119386287358159
0.9114408808042126
0.9115819659072806
0.9117226021950056
0.9117039860250913
0.9118439828761693
0.9118252334969131
0.9114904378062273
0.9114723055073378
0.9111531190926276
0.9112928593897452
0.9112751256281407
0.9114142364377548
0.9115529117094552
0.9116911534854643
0.9115168539325843
0.9114989093175444
0.9113254511512134
0.9114631873252563
0.9114454094292804
0.9114276865902756
0.9112554112554112
0.9112380364309972
0.9113611839062741
0.9113436970909651
0.9113262640233595
0.9114623292926193
0.9115844315047502
0.9115667074663403
0.9117018026275588
0.9116704805491991
0.9116527037319117
0.9116349809885932
0.9117557715674363
0.9117379435850773
0.9118715929739551
0.9120048382219534
0.9121376811594203
0.9122701236056677
0.9122516556291391
0.9123835287045386
0.9122017109410175
0.9121834257455418
0.9121651952715846
0.9121338912133892
0.9121157863324381
0.9120977353992848
0.9122285034216007
0.9123588829471182
0.9123405517650549
0.9124703791469194
0.9125998225377108
0.9125812167749557
0.9125626658802714
0.9123969375736161
0.9123787121434872
0.9125073399882561
0.9126355907358545
0.9127379209370424
0.9128654970760234
0.912992700729927
0.9131195335276968
0.9131004366812228
0.9132267441860465
0.9131949484685731
0.913030874039716
0.9128798842257597
0.9130057803468208
0.9131313131313131
0.9132564841498559
0.9132374100719425
0.9133620689655172
0.9133428981348637
0.9134670487106017
0.9135908440629471
0.9137142857142857
0.9136947218259629
0.9138176638176638
0.9139402560455192
0.9140625
0.9141843971631206
0.9143059490084986
0.9144271570014144
0.9142655367231638
0.9143864598025387
0.9145070422535211
0.9146272855133615
0.9147471910112359
0.9148548183475943
0.9149621742785093
0.91494124230554
0.9150600726459905
0.9151785714285714
0.9152967400390081
0.9152754590984975
0.91511530980828
0.9152330743618202
0.9152119700748129
0.9150525733259546
0.9151699364465322
0.9151490066225165
0.9152659134747865
0.9153824986241057
0.9154987633965375
0.9156147091108672
0.9154678723112755
0.9155835271582979
0.9155622352780435
0.9155410015008869
0.9155198255893173
0.9154987073071166
0.9156135344476152
0.9157280499389334
0.9158422550481095
0.9158208147245906
0.9159345857548318
0.9160480496693211
0.9161612077099339
0.9161394534930677
0.9162521844333916
0.9162303664921466
0.9162086070518837
0.9163095875736476
0.9162877774806097
0.9163995726495726
0.916511069618565
0.9164890783164624
0.916456032991885
0.9165670253753155
0.9166777232320552
0.916788127732874
0.9168982400423449
0.9167547568710359
0.9168646080760094
0.9169741697416974
0.9170834430113187
0.9170609884332281
0.9171698608558677
0.9172784478238071
0.9172558261324955
0.9173640167364017
0.9173413423870462
0.9174491392801252
0.917556655379005
0.9175445441539862
0.9173918690739057
0.9174990271111688
0.9174763570410674
0.917572463768116
0.9176789868182993
0.9175271037687145
0.9173862611161232
0.9174925987900631
0.9175986630672323
0.9175760688149955
0.9176817540710347
0.9177871686515559
0.9178923135950889
0.9179867143587123
0.9180913498341413
0.9181957186544343
0.9182998218376177
0.918403660396543
0.9185072353389185
0.9186105476673428
0.9187135983793365
0.9188163884673748
0.918918918918919
0.919021190716448
0.9191232048374905
0.9192249622546552
0.9192008042221663
0.9193022088353414
0.9194033592379043
0.9194941780393139
0.9195948480680255
0.9195804195804196
0.9196807183836369
0.9197807673143996
0.9198805673052999
0.9198558648111332
0.9199553239017125
0.9200545364402578
0.9200297103243377
0.9201285855588526
0.9201037293158805
0.9202022693635915
0.9202907478132315
0.920265780730897
0.9203637704313629
0.9204615195777587
0.9204364349638348
0.9202987267384917
0.9201516263145023
0.9202491450903761
0.9203464259575507
0.920443469785575
0.9204185933317108
0.9205153135634419
0.9204904102937607
0.9205868089233754
0.9206829740857351
0.9206579583938075
0.9206330031408553
0.9207287644787645
0.920824295010846
0.9209195955705344
0.9208944457802356
0.9209894332372719
0.9209642600143919
0.920939147101102
0.9209140942809284
0.9208891013384322
0.9209835282883743
0.9210777300906057
0.9210526315789473
0.9209086584205518
0.9210026134473747
0.9210963455149501
0.9211805144008534
0.9211554398011128
0.9212486697410429
0.9213416794614385
0.9214252005663048
0.9215177940136696
0.9216101694915254
0.9215847636962144
0.9215502055196712
0.9216422287390029
0.9216168717047452
0.9217086015213575
0.9215663354763296
0.9216487622606259
0.9216235129461162
0.9215983224603914
0.9216895508494298
0.9217805671780567
0.9218713721848154
0.9218460111317254
0.9219365299976836
0.9220268394261916
0.9221169401432864
0.9222068328716528
0.9222965183306433
0.9223859972362967
0.922360248447205
0.9224494485294118
0.922538443883406
0.9225126088950023
0.9224868330661782
0.9225754803293688
0.9226639250628285
0.9227521679598357
0.9228402097105083
0.9229280510018215
0.9229019786217876
0.9228759654702408
0.9228412572336321
0.9228153689221353
0.9227895392278954
0.9227637679520525
0.9228510109567378
0.9226083032490975
0.9226955149876043
0.9226699684826655
0.9227569147740049
0.9227313566936208
0.9228180390397128
0.9226804123711341
0.9226550257443474
0.9227328636922733
0.9228191667597453
0.9229052772509204
0.9229911958096512
0.9229656016920851
0.9230512620927388
0.9231367322003776
0.9232220126483968
0.9233071040673834
0.9233920070851322
0.9234767223266616
0.9235612504142273
0.9236455919673398
0.9237297476027775
0.9238137179346031
0.9237875288683602
0.9238712512358563
0.9239547898606386
0.9240381453469253
0.9240118252490966
0.9239855627255824
0.9240686113842456
0.9241514787733275
0.9242341654856645
0.9242077752368507
0.9241814424018274
0.9242638270129305
0.9243460327797677
0.9244280602840724
0.9245099101050579
0.9245915828194309
0.9246730790014049
0.9247543992227141
0.9248355440526259
0.9249165140579554
0.924889701926181
0.9247554552294959
0.9248362504026629
0.9248096106403518
0.9248901746490946
0.9247565021941561
0.9247300331444457
0.924703620634412
0.9247839539101675
0.924757540232335
0.9247311827956989
0.9248112304583643
0.9247848719855519
0.9248646927730022
0.924838333510018
0.9249179286243778
0.9249973553369301
0.9250766141815492
0.9250501425102924
0.9251291785300011
0.9252080480353945
0.9252867515521415
0.9253652896037002
0.9252336448598131
0.9253120738487359
0.9252855496175207
0.9252669039145908
0.9252404851526558
0.9253185711301442
0.9252921535893155
0.9253700229309986
0.9253436068304873
0.9253172456833784
0.9250831255195345
0.9249532904297281
0.9250311074243053
0.9251087632069609
0.9251862582781457
0.9252558668458596
0.9253330579365899
0.9253069225214072
0.9253839018860146
0.925460722742716
0.9255373855805821
0.9254084043974109
0.92517705018988
0.9252461033634126
0.9251254737273379
0.9249974419318531
0.9250741081467853
0.9249463902787706
0.9250153029993878
0.9249898083978801
0.9250661779678273
0.9251271617497456
0.9252032520325203
0.9251776649746193
0.9251521298174442
0.9252279635258359
0.9252960825994534
0.9253716250379209
0.9253459945449035
0.9254213341406802
0.9254965218267971
0.9254708429851949
0.925545829560318
0.9256206653935068
0.9256953509388492
0.9257698866486107
0.9258442729732438
0.9259185103613975
0.9259925992599259
0.9260665401138974
0.926040523006288
0.9261142686209991
0.9261878673174619
0.926261319534282
0.9262425447316104
0.9263157894736842
0.9262823692826669
0.9262563187630092
0.9263293395385682
0.9264022158472648
0.926376124122937
0.9264488103465298
0.9264227241345301
0.9264952212040595
0.9265675755487744
0.9266397875897335
0.9267118577463405
0.926678445229682
0.92675034320455
0.9268221003134797
0.9267886855241264
0.9267624914442163
0.9267363485396112
0.9268078461988875
0.926781710051672
0.9268530242524593
0.9269241996691642
0.9269952367065228
0.9268719044381859
0.9268458329290773
0.926909654905002
0.9269804377300019
0.926954334365325
0.9269282814614344
0.9269988412514485
0.9270692649044955
0.9271395528141866
0.9271134219141152
0.9271835321277414
0.927054300816915
0.9271243398943831
0.9271942446043165
0.927264015333014
0.9273336524652944
0.927403156384505
0.9273769708552317
0.9273508353221958
0.9273247496423462
0.9273870783304745
0.9273610053313024
0.927239870648659
0.927309007981756
0.9273780140497437
0.9274468892261002
0.927515633882888
0.9273949261643317
0.9273621488697626
0.9274307852215817
0.9274992919852733
0.9275676695274923
0.9276290991330569
0.9276030879307099
0.9275839368005266
0.9274640608850888
0.9275321505679152
0.927506330301041
0.927480558418439
0.9274548347842366
0.9273356401384083
0.9274035317200785
0.9273779520209092
0.9274456775156207
0.9274201062144787
0.9273945825188494
0.9273691062959174
0.9272507665149122
0.9273182957393483
0.9271934705991467
0.9271682727946627
0.9272289602814554
0.9272037739339561
0.9271786341373256
0.9270612131843782
0.9270362512683332
0.9271034927656437
0.9271706104410276
0.927237604636188
0.9270287657384432
0.9270957671471858
0.9270709109256031
0.9271377508935936
0.9272044684552697
0.927179581008142
0.927246138378576
0.927045288531775
0.9269293924466339
0.9268137076193949
0.9268803496630851
0.9268558951965066
0.9265588074895473
0.9264438794042862
0.926329159862094
0.9262146482958665
0.9261003441405542
0.926076728193992
0.9260531549448563
0.9260296242774566
0.9260061360765205
0.9259826902271908
0.9259592866150244
0.9259359251259899
0.9258226937601151
0.9257096658282429
0.9256035179036166
0.9256568917585867
0.9257235014783621
0.9257899919434249
0.9256774885967266
0.9256545438298632
0.9256316400321399
0.9255195789849255
0.9255859549059798
0.9256522126257679
0.9256293924028112
0.9256954937338904
0.9257614776662818
0.9258273445124656
0.9257158053364063
0.9256930298467806
0.9254999115200849
0.9255657708628006
0.9255431902490726
0.9256023298914482
0.925667930517591
0.9255572196282266
0.9254467036352434
0.9255122680503034
0.9254898515068974
0.9254674743218331
0.9253574247872993
0.9253352028744194
0.9253130198756676
0.9252033942787158
0.9252687702123941
0.9252467033446861
0.9253119274059856
0.9252898613895911
0.9253549342391778
0.9253328692019842
0.9253108425354317
0.9253757275649379
0.9253537019355959
0.9253317145087157
0.9252295962571478
0.925207756232687
0.9251859539871995
0.9250777739370896
0.9250561215679503
0.9250280389957726
0.9250064649599172
0.9248126776332788
0.9247913260476723
0.9248559883071104
0.9249205394725539
0.924899150287529
0.9249635537260955
0.9250278467997601
0.9250064206831606
0.924985031220597
0.9248782155371336
0.9247715822730765
0.9247504479140005
0.9247293495865655
0.9247082871987053
0.92451706237767
0.9245812430915739
0.924475405657973
0.9244546303369833
0.9243490798066322
0.9243284467418016
0.9243078486156973
0.9242872853396498
0.9243512805341898
0.9243307153112068
0.9243945658594211
0.924458308742939
0.9243534664307977
0.924417136604663
0.9244806996888403
0.9245441559532812
0.9246011754827875
0.9246644295302013
0.9246437552388935
0.9247068676716917
0.9246861924686193
0.9246655518394649
0.9247284878863826
0.9246243739565944
0.9245204336947456
0.9245
0.9244796003330558
0.924459234608985
0.9244389027431421
0.9243355481727574
0.9243153526970954
0.9243781094527364
0.9244407622203811
0.9244205298013245
0.9244003308519437
0.9243801652892562
0.9243600330305533
0.9244224422442244
0.9244023083264633
0.9243822075782537
0.9244444444444444
0.9245065789473684
0.9245686113393591
0.9245484400656815
0.9245283018867925
0.9245839822936306
0.9246457531329347
0.924625583108274
0.9246116107931316
0.9246732026143791
0.9246530612244898
0.9246329526916802
0.9246128769356153
0.9246742671009772
0.9246541903986981
0.9246341463414635
0.9245329000812348
0.924512987012987
0.9245742092457421
0.9245542949756889
0.9243724696356276
0.9244336569579288
0.9242522231204527
0.924313408723748
0.9242130750605327
0.9241935483870968
0.9240934730056406
0.9241545893719807
0.9242156074014481
0.9242765273311897
0.9243373493975904
0.924398073836276
0.9244526425535328
0.9244330475198334
0.9244935543278084
0.9243139451156093
0.9243744503957151
0.9244348590142982
0.9244951712028094
0.9245553871919611
0.9244561319627062
0.924357034795764
0.9244172169623678
0.9243978058669211
0.9243784256096592
0.9243590761171522
0.9243397573162027
0.9243204691338458
0.9243012114973473
0.9243611045177624
0.924420902838169
0.9244806066829924
0.9243823506196227
0.9244419906932724
0.9245015367641264
0.9245609890542562
0.9245416633881501
0.9246009906439185
0.9245816639170398
0.9244779400219815
0.9244587386256667
0.9244395673303025
0.9243421052631579
0.924323055251213
0.9243822333437598
0.9244413189560869
0.9245003123048094
0.9244031830238727
0.9243062051761771
0.9242872721607727
0.9243403129135207
0.9243991599906666
0.9244579155980415
0.9245165799487458
0.9245751532552184
0.9244010234938358
0
0.36363636363636365
0.6666666666666666
0.7419354838709677
0.7804878048780488
0.7843137254901961
0.7868852459016393
0.7887323943661971
0.7654320987654321
0.7608695652173914
0.7572815533980582
0.75
0.7583333333333333
0.7615384615384615
0.7642857142857142
0.7733333333333333
0.7735849056603774
0.7751479289940828
0.776536312849162
0.783068783068783
0.7788944723618091
0.784688995215311
0.7889908256880734
0.793859649122807
0.7974683544303798
0.805668016194332
0.8093385214007782
0.8052434456928839
0.8122743682310469
0.803448275862069
0.81
0.8122977346278317
0.8181818181818182
0.8145896656534954
0.8200589970501475
0.8228571428571428
0.8222222222222222
0.827027027027027
0.8289473684210527
0.8333333333333334
0.835
0.8341463414634146
0.8357142857142857
0.8372093023255814
0.8363636363636363
0.8377777777777777
0.8347826086956521
0.835820895522388
0.8392484342379958
0.8384458077709611
0.8413654618473896
0.844488188976378
0.8474903474903475
0.8503787878787878
0.8513011152416357
0.8503649635036497
0.8530465949820788
0.852112676056338
0.8480138169257341
0.8505942275042445
0.8530884808013356
0.8552631578947368
0.8576051779935275
0.8598726114649682
0.8620689655172413
0.8641975308641975
0.8645357686453576
0.8665667166416792
0.8685376661742984
0.8704512372634643
0.8708751793400287
0.8712871287128713
0.8688981868898187
0.8707015130674003
0.8724559023066486
0.8741633199464525
0.8758256274768824
0.877444589308996
0.879021879021879
0.8805590851334181
0.8808030112923463
0.8810408921933085
0.8822085889570552
0.8836363636363637
0.8850299401197604
0.8863905325443787
0.8864168618266979
0.8877314814814815
0.8890160183066361
0.8902714932126696
0.8903803131991052
0.8915929203539823
0.8927789934354485
0.8928571428571429
0.8940042826552462
0.8940677966101694
0.8951781970649895
0.8952282157676349
0.8952772073921971
0.8943089430894309
0.8953722334004024
0.896414342629482
0.8974358974358975
0.8984375
0.8984526112185687
0.8994252873563219
0.9003795066413662
0.9013157894736842
0.9022346368715084
0.9003690036900369
0.9012797074954296
0.9021739130434783
0.9021543985637342
0.902135231316726
0.9029982363315696
0.9037620297462817
0.9045967042497832
0.9054170249355116
0.9045183290707587
0.904480135249366
0.9044425817267393
0.9052369077306733
0.9060181368507831
0.9059689288634505
0.9067315490673155
0.9074818986323411
0.9082202713487629
0.9081551860649247
0.9080911233307148
0.9080280592361653
0.9079659706109822
0.908672294704528
0.9078446306169079
0.90854119425548
0.90847711927982
0.9091586001489204
0.909830007390983
0.9104915627292737
0.9103498542274052
0.9109985528219972
0.9116379310344828
0.9122681883024251
0.9128895184135978
0.9135021097046413
0.9134078212290503
0.9140083217753121
0.9146005509641874
0.9151266255989049
0.9150237933378654
0.9155975692099932
0.9161636485580148
0.9166666666666666
0.9172185430463576
0.9171052631578948
0.9169934640522875
0.9168831168831169
0.9167741935483871
0.9173076923076923
0.9178343949044586
0.9183544303797468
0.9188679245283019
0.919375
0.9186335403726708
0.9191358024691358
0.9190184049079755
0.9195121951219513
0.92
0.9198795180722892
0.9203592814371258
0.9208333333333333
0.921301775147929
0.921222810111699
0.9216832261835184
0.9221382916908774
0.9220103986135182
0.9224583572659392
0.9229011993146773
0.922771152754117
0.9226425748164878
0.9225154407636159
0.9223897264098269
0.9228206551915602
0.9226946438431806
0.9231191652937946
0.9235390496996176
0.9234111895708854
0.9232847109670448
0.92315959161741
0.9235702832709781
0.9234449760765551
0.923320994182972
0.9237243556023146
0.924123495552067
0.9239979177511712
0.923873640600725
0.9242268041237114
0.9246153846153846
0.925
0.9253807106598985
0.9257575757575758
0.9251256281407035
0.9255
0.9253731343283582
0.9252475247524753
0.9251231527093596
0.925
0.9248780487804878
0.925242718446602
0.9256038647342996
0.9259615384615385
0.9263157894736842
0.9266666666666666
0.9270142180094787
0.9268867924528302
0.9272300469483568
0.927570093457944
0.9279069767441861
0.9282407407407407
0.928110599078341
0.9284403669724771
0.9287671232876712
0.9290909090909091
0.9294117647058824
0.9297297297297298
0.9300448430493273
0.9303571428571429
0.9306666666666666
0.9309734513274336
0.9308370044052864
0.9311403508771929
0.9314410480349345
0.931304347826087
0.9311688311688312
0.9314655172413793
0.9317596566523605
0.9320512820512821
0.9323404255319149
0.9326271186440678
0.9329113924050633
0.9331932773109244
0.9334728033472803
0.9333333333333333
0.933195020746888
0.9334710743801653
0.9337448559670782
0.9336065573770492
0.9338775510204081
0.9341463414634147
0.9340080971659919
0.9338709677419355
0.9341100843712334
0.9343737494997999
0.9346353128736549
0.9348947995236205
0.9351522340846185
0.9346199291059473
0.934876422126324
0.9347401328644002
0.9349941611521994
0.9352462194649089
0.9354963306295867
0.93574451712197
0.9359908010732081
0.9362352042764414
0.9360973754279194
0.9363395225464191
0.9358248395620989
0.9356901090635578
0.9355563881603597
0.9357969391564016
0.9360357010040907
0.9362726935902186
0.9365079365079365
0.9367414490621552
0.9369732502748259
0.936838262139467
0.9370680247362677
0.9372961217832548
0.9375225713253882
0.9370277078085643
0.9368949444245249
0.9371204001429082
0.9373442506229975
0.9375665129478539
0.9377872039589961
0.9380063402606552
0.9382239382239382
0.938090241343127
0.9383060299756013
0.9385203195554012
0.9380408445829007
0.9375646774749914
0.9374355448607768
0.9376498800959233
0.9375213383407306
0.9377339231030963
0.9379450661241099
0.938154782020953
0.9383630852138767
0.9382343068143673
0.9384409501505521
0.938646215405135
0.9385177799933533
0.9387214309373965
0.9389237372069991
0.9384666008555446
0.9383404394883569
0.9385420071918927
0.9387422613229065
0.9382916531341344
0.9384914211719003
0.9383672152307196
0.9382438082984883
0.9384418082718821
0.9386385426653883
0.9388340235743867
0.939028262940616
0.9389047166824944
0.9390782828282829
0.9389361032420522
0.9391277063068717
0.9390053174851423
0.9388836919239164
0.9387628225054399
0.9389525875426092
0.9391411801050356
0.9390206344317832
0.9392078599938594
0.9390878481787572
0.9389685688129387
0.9391357273280584
0.9390169902912622
0.9392014519056261
0.9393848009650181
0.9392663860493085
0.9394484412470024
0.9396294082486552
0.9395113230035756
0.9396910279263221
0.9395734597156398
0.9397519196692262
0.9399293286219081
0.9400881057268723
0.9396602226127709
0.9392523364485982
0.9391380314502038
0.9390243902439024
0.9389114070642733
0.9385103926096998
0.9386873920552677
0.9382893226176808
0.9378935317687465
0.9380707762557078
0.937677859988617
0.9375709421112373
0.9377475947934352
0.9376410835214447
0.9375351716375915
0.9374298540965208
0.9370453273642977
0.9372209821428571
0.9371174179187535
0.937291897891232
0.9374654122855561
0.9373620309050773
0.9369840396257567
0.9368825466520307
0.9370380509170545
0.9363909363909364
0.9362918595153825
0.9364648384469183
0.9363660980232873
0.9365379422090198
0.9367088607594937
0.9366102605425732
0.9367800696490758
0.9366818060379375
0.9368505195843325
0.9370183364336965
0.937185263715876
0.936822627544277
0.9369891906142895
0.9371548777281093
0.9373032528856243
0.9372056514913658
0.9368640751369685
0.936768149882904
0.9369322605761744
0.9368366554491327
0.9367415440227214
0.9366469224826165
0.936552787053686
0.9364591339994875
0.9366215180168669
0.936528167218965
0.9366895499618612
0.9366125760649088
0.9365199797673243
0.9366801210898082
0.9368394564670357
0.9367469879518072
0.9366549824737106
0.9368131868131868
0.9367214748380668
0.9366302186878728
0.9367873078829946
0.9364490603363007
0.9365901801134962
0.9362539995077529
0.9364105082248957
0.9365662503061475
0.9367212313706328
0.9368754569826956
0.937028932652565
0.9369391219985448
0.9370917009436245
0.9372435433260922
0.9371538646761377
0.937304828248859
0.9374550682961897
0.9376045900071719
0.9377533985213451
0.9376635736378777
0.9375741751720864
0.9377219985792091
0.9378691235530356
0.9380155550318171
0.9381612979073595
0.937837203847056
0.9379826819564708
0.9381274807378006
0.9382716049382716
0.9384150592609807
0.9385578483654069
0.9386857936140676
0.9388273314866112
0.9389682174113312
0.9388786764705882
0.9390187987161852
0.9389295516925892
0.9390689183021451
0.9389799635701275
0.939118582462517
0.9390299184043518
0.9391677973767526
0.9393050541516246
0.9394416929311121
0.9395777178796046
0.9394890183774093
0.9396243291592129
0.9397590361445783
0.939893143365984
0.94002665482008
0.9399379432624113
0.9398496240601504
0.9399823477493381
0.939894319682959
0.9400263620386643
0.9397194213064446
0.9396325459317585
0.939764295067656
0.939677700348432
0.9398087787918297
0.9399392888117953
0.9398528775421895
0.9399827288428325
0.9398965962947006
0.9400257953568357
0.93993993993994
0.940068493150685
0.9401964972234088
0.9403239556692242
0.9402381965121225
0.9401528013582343
0.940279542566709
0.9399830938292477
0.9401096583719949
0.9402356902356902
0.9403611927761445
0.9404861693210393
0.9406106231702217
0.9405258764607679
0.9406497292794669
0.9407730673316709
0.9408958938199917
0.9410182119205298
0.9411400247831475
0.9410552349546579
0.9409707939119704
0.9410919540229885
0.9412126177795985
0.9413327882256746
0.941452468380253
0.9413680781758957
0.9414872003250712
0.9414030819140308
0.9415216511533792
0.9416397415185783
0.9417573559048771
0.9418744971842317
0.941790445604175
0.9419070512820513
0.9420231907237105
0.9421388667198723
0.9420549581839904
0.9421701112877583
0.9422848076160254
0.9423990498812351
0.9425128407743975
0.9426261829652997
0.9427390791027155
0.9426551453260016
0.9427675421403371
0.9428794992175273
0.9429910191331511
0.9431021044427124
0.9432017117292355
0.9433119782566491
0.9432280565781825
0.9429510732933668
0.9430611850994016
0.9429782315546138
0.9430878677177466
0.9431970830934562
0.9433058800995978
0.9434142611355382
0.9435222285823316
0.9436297848028947
0.9437369321421782
0.9436539556061468
0.9437606513917819
0.9436885865457294
0.943794794417201
0.9439006024096386
0.9440060127771515
0.9439234808702176
0.9440284537626357
0.9441330343796711
0.9442372249160761
0.9443410275502606
0.9442586399108138
0.9443620178041543
0.9444650129581637
0.9441980783444198
0.9442907212691385
0.9443932977352237
0.9444954971512589
0.9445973215923684
0.9446987731184765
0.9447998537744471
0.9447181171319102
0.9448187943908214
0.9447373204871842
0.9448375975322083
0.9449375113204129
0.9450370638220936
0.9451362569933225
0.9448747973338137
0.9446142780075526
0.9447136959253276
0.9444543988532521
0.9445537470935432
0.944652740582039
0.9447513812154696
0.9448496708770682
0.9449476114366897
0.9450452047509307
0.9449654928331269
0.9450627097685921
0.9449832481043907
0.9450800915331807
0.9451765946230891
0.9452727591650587
0.945368586937489
0.9454545454545454
0.9455402338977134
0.9456351280710925
0.9457296921203687
0.9456502865080744
0.9455711561795805
0.9454922997058315
0.9452409742615305
0.9453354026556303
0.9449130659321742
0.9448264008250258
0.9449116183284709
0.9450059962309405
0.9449290234308192
0.9450230493426669
0.94477586500767
0.9448698315467075
0.9447936130456939
0.9447176530439206
0.9446419502285424
0.9447355078587122
0.9446600303694955
0.9444163719050025
0.9445098368925509
0.9444351183481619
0.9445282386458858
0.944621047348168
0.9447135460163688
0.9444722361180591
0.9443982020975529
0.9443151595744681
0.9442416196481912
0.9443339960238568
0.944260668210387
0.9443527080581242
0.9444444444444444
0.9443712969058591
0.9441340782122905
0.9440616797900262
0.9441532918440878
0.9439175931981687
0.9440091413646752
0.9439374185136897
0.9440286365115522
0.9439571150097466
0.9440480051897503
0.9441386010362695
0.9440672486259295
0.9439961265332473
0.9440863680309378
0.9441763191763192
0.9442659813684549
0.9441949967928159
0.9441242395132885
0.9442135549872123
0.9442936951316839
0.9442231075697212
0.9441527446300716
0.944241461477363
0.9438629876308278
0.9439518682710576
0.9440404679102118
0.9439709595959596
0.9440504334121356
0.9439811172305271
0.9435978004713276
0.9436862745098039
0.9437744714173845
0.9437060203283816
0.9436377829820453
0.9437256430241622
0.9438132295719844
0.9439005439005439
0.9439875872769589
0.9440743609604957
0.9441608662026295
0.9442384924312636
0.9441702652683529
0.9441022482291346
0.9441881918819188
0.9442738716610377
0.9443507588532883
0.9444359406092148
0.944368026898976
0.9444529223256524
0.9445291069795794
0.9446135118685332
0.9446976602856275
0.9447815533980582
0.9448651923659497
0.9447973381730188
0.9448807006946541
0.9448130277442702
0.9448961156278229
0.9449789536981359
0.9450615430801561
0.9451438848920863
0.9450763244537563
0.9451583980872684
0.9447925992241122
0.9447258641239571
0.9448080928295151
0.9447415329768271
0.9446751705725304
0.9447571090047393
0.9448388050872523
0.9449202598936799
0.9450014744913005
0.9450824499411072
0.9451631872978535
0.9450968878449795
0.9451773673409557
0.9451112412177985
0.9450453083893599
0.9451255107997665
0.9452054794520548
0.9452852153667055
0.945364719558268
0.9454439930354034
0.9455230368009273
0.9456018518518519
0.9456804391794279
0.945478147987884
0.9452686158721014
0.9450675870002876
0.9451464675473865
0.9452172665997418
0.9452957181727052
0.9452309452309452
0.9453091532200486
0.9453871381719664
0.9454649010394418
0.9455424427697995
0.9456197643049836
0.9456968665815965
0.9457737505309358
0.945850417079033
0.9459268671466893
0.9460031016495136
0.9460791214979586
0.946154927597357
0.9460901305629651
0.9461657086779756
0.9462410751784964
0.9463162309520481
0.946391176881195
0.9464584495259342
0.9465255535440746
0.9464608538450842
0.9465352034439661
0.9464706698100125
0.946544799889212
0.9466187249343107
0.9464162408507112
0.9464901392911322
0.9465638341826195
0.946499793701004
0.9465732729020739
0.9466465505417638
0.9467196274482947
0.9467925044453563
0.9468651823521377
0.9469376619833584
0.9468737229260319
0.946945993742348
0.9468822170900693
0.9469542802876136
0.9470261482183986
0.9470978216750101
0.9471693014457506
0.9472405883146674
0.947311683061582
0.9472480150719957
0.9473189087488241
0.9473896121325996
0.9474601259884734
0.9475304510774997
0.9476005881566636
0.947537044453344
0.9474736701773097
0.9475366178428761
0.9476063829787233
0.947675962815405
0.9476127320954907
0.947682119205298
0.9477444106363275
0.9478134495970406
0.9478823063728724
0.9479509816840164
0.9477631578947369
0.947700394218134
0.947769028871391
0.9478374836173001
0.9479057591623037
0.947843137254902
0.947911227154047
0.9479791395045633
0.9479166666666666
0.9479843953185956
0.9479220779220779
0.9479896238651102
0.9480569948186528
0.948124191461837
0.9480620155038759
0.9481290322580646
0.9481958762886598
0.9482625482625483
0.9483290488431877
0.9481386392811296
0.948076923076923
0.9481434058898848
0.9482097186700768
0.9481481481481482
0.9482142857142857
0.94828025477707
0.9483460559796437
0.9484116899618805
0.948477157360406
0.9485424588086185
0.9486075949367089
0.9486725663716814
0.9487373737373738
0.9488020176544767
0.9488664987405542
0.9489308176100629
0.9489949748743719
0.9490589711417817
0.9491228070175438
0.9491864831038799
0.94925
0.9493133583021224
0.9493702456665419
0.9494270054808172
0.9494899228663847
0.9494347123866319
0.9494974562600819
0.9495600446151939
0.9496224780294591
0.9495611324020274
0.9496234102975676
0.949685534591195
0.9496243379726568
0.9496863082790011
0.9496252610885858
0.9496870781691005
0.9496261796788822
0.9495654302852247
0.9496270937767454
0.9496886066674808
0.9497499695084767
0.9496893653307346
0.9495072393235187
0.9495685988576984
0.9496298094428935
0.9496908716208026
0.9496307058965977
0.9496916193010038
0.9496315980190845
0.9496923633731451
0.9497529822870225
0.9496931038632808
0.94963336939536
0.9496938407972145
0.9497541671663269
0.9498143490238352
0.9498743868883838
0.9499342812761381
0.9499940327007996
0.9500536416736202
0.9499940469103465
0.9500535140920442
0.9501128400047512
0.9501720251512635
0.9502310700319944
0.9500532607409161
0.9501123064191985
0.9501712126579289
0.9502241094597782
0.950282752120641
0.950341256766298
0.9503996238834038
0.9504578539563278
0.9505159474671669
0.9505739048957601
0.9506317267197005
0.9505725636831035
0.9506302521008403
0.9505712287246444
0.9506287843502562
0.9505698999767388
0.9506273234200744
0.950684613599443
0.9507417709782104
0.9507987960175966
0.9508556891766883
0.9509124509124509
0.9508537148131057
0.9509103480064531
0.9509668508287292
0.951023223729593
0.9510794671566376
0.9511355815554026
0.9511915673693859
0.9511329823758297
0.9511888431641518
0.9512445763873031
0.9511861313868614
0.9511278195488722
0.9511834319526628
0.9512389179358945
0.9512942779291553
0.9513495123610796
0.9514046216583598
0.9513464584747681
0.9514014466546112
0.9513379248052388
0.9513928047817751
0.9514475611129887
0.9513896703049398
0.9514443070697988
0.9513865499045694
0.9514410676236402
0.9513834434860535
0.9514378426765133
0.9514921202637756
0.95154627665513
0.9514887922382067
0.9514314358917233
0.9514800801246384
0.9514228546020453
0.9514767932489452
0.951530612244898
0.9515843119875914
0.9516378928729526
0.951691355295158
0.9517446996466431
0.9517979263181117
0.9518510356985456
0.9519040281752146
0.9519569041336852
0.95200966395783
0.9520623080298376
0.9521148367302213
0.9520577933450087
0.9521102121145856
0.9521625163826999
0.9522147065241109
0.9521578029642546
0.9522098846070106
0.9522618529795563
0.9523137084510103
0.9523654513888888
0.9524170821591156
0.9524686011260286
0.9525200086523902
0.952571305099395
0.9526224908266782
0.9526735661923242
0.9527245315528753
0.9527753872633391
0.9528261336771975
0.9528767711464148
0.9529273000214454
0.9528706083976007
0.9529210357372138
0.9529713552800342
0.9530215673713431
0.9530666666666666
0.9530101225359616
0.9530601383714742
0.9530037214247741
0.9530536378120021
0.9529973474801061
0.9530471648118707
0.9530968766543144
0.9530407191961925
0.9530903328050713
0.9531398416886544
0.953189246178176
0.9532385466034755
0.9532877432930037
0.953231739358907
0.9532808398950131
0.9533298374410069
0.9533787323205867
0.9534275248560963
0.9533716675378986
0.953420365535248
0.9534689619196661
0.9535174570088588
0.953461738677772
0.9535101404056162
0.9534545454545454
0.9535028541774779
0.9534473820632452
0.9533920248575868
0.9533367822038282
0.9531782945736434
0.9532266391326794
0.9532748839608045
0.953323029366306
0.9533662754786906
0.9534142328259976
0.9533593589480173
0.9534072249589491
0.953454992823457
0.9534002458009013
0.9534479230611828
0.9533932951757972
0.9533387788441903
0.9533863729090167
0.9534338699816588
0.9534812703583062
0.9534268863127924
0.953474197480699
0.953521412624315
0.9535685320356854
0.9536155560056715
0.9536624848239579
0.9537093187790581
0.9537560581583199
0.9538027032479323
0.9538446034465383
0.95389107017014
0.9538368701599115
0.9538832512810208
0.9539295392953929
0.9539757344831044
0.9540218371231093
0.9540632506004804
0.9541091781643671
0.9541550139832201
0.9542007583316703
0.9542464114832536
0.9542919737104163
0.9543374452845205
0.9542834426555357
0.954328832406672
0.9543741321166436
0.9544193420531114
0.9544644624826767
0.9545094936708861
0.9544556411776329
0.9544018949861824
0.9544468546637744
0.9544917257683215
0.954339696910057
0.9543845851356665
0.954232960125712
0.9542778649921507
0.9543226818270927
0.95436741088915
0.9544120524359225
0.9543544130583521
0.9543989844741725
0.9544434689298605
0.9543859649122807
0.9544303797468354
0.9544747081712063
0.9545189504373178
0.9545631067961166
0.9546071774975752
0.9546511627906977
0.9546950629235237
0.954642166344294
0.9545893719806763
0.9546332046332047
0.9546769527483124
0.9546242774566474
0.9545717035611164
0.9546153846153846
0.9546589817483189
0.9547024952015355
0.9546500479386385
0.9546934865900383
0.9546368073499857
0.954680179749498
0.9547234692902856
0.954766676209562
0.9548098007436362
0.9547575959615201
0.954705490531925
0.9546534841714992
0.9546015765979675
0.9546403492123743
0.9546833522942738
0.9545368440992612
0.9545798637395913
0.9546228020419739
0.954665659236872
0.9547084355538781
0.9545625942684767
0.9545069228595648
0.9545497318151878
0.9545924602801542
0.9546351084812623
0.9546734234234234
0.9546221638852428
0.9545752552215042
0.9545241882661177
0.9545667009441899
0.9545157373680769
0.9544648688998787
0.9545073179826605
0.9544565521095278
0.954498929933935
0.9544482662452357
0.954490573047274
0.9544400111348241
0.9544822471493465
0.9545244049272946
0.9543814194503563
0.9544235924932976
0.9543691113984851
0.9543189368770764
0.9543610547667343
0.9543109801031687
0.9542609976072152
0.9541191614564178
0.9541613081021495
0.9542033773861968
0.9542453695213644
0.9542872847196775
0.9542375983891634
0.9542794440380395
0.9543212132285767
0.9543629061701351
0.9544045230713113
0.9544460641399417
0.9544875295831058
0.9544379774463442
0.954392659216862
0.9542525188345284
0.9542033191257822
0.9541542085711697
0.9538336199873269
0.9536944921769015
0.9536459745188398
0.9535975444614968
0.9534590060431135
0.9534108317563306
0.9534527775276852
0.953404695511379
0.9533566999191156
0.9533902110462505
0.9534320323014804
0.9534737785746302
0.9533363188535602
0.9532885906040268
0.9533303531515422
0.9533678756476683
0.9533202427704391
0.9533618690922062
0.9534034212401996
0.9533558839238028
0.9533084311632871
0.9532610627332504
0.9533025568181818
0.9533439772928863
0.9533853243530663
0.9534265981937312
0.9534677990092003
0.9535089269931059
0.9533733663016601
0.953414505029116
0.953367418899859
0.9534084903998591
0.9533614924322422
0.9534024969228064
0.9534434293745608
0.9533965244865719
0.9531743247983164
0.9532153495707026
0.9532563025210085
0.9532971838376771
0.953163229639986
0.9532041208311507
0.9531577110956037
0.953198535820115
0.953239289446186
0.9531929702453454
0.9532336578581363
0.9531874240055584
0.9532280458174245
0.9532685971909138
0.9533090783090783
0.9533494893543362
0.9533898305084746
0.9533437013996889
0.9533839779005525
0.9534241849232361
0.953464322647363
0.9535043912519373
0.9534583620096352
0.9534983668557676
0.9535383029886637
0.9533207482409474
0.953360768175583
0.953315059105705
0.953269428277987
0.9532238754917052
0.9532638414217361
0.9533037391155882
0.9532582736267485
0.953298108062042
0.9531675749318801
0.9531223413306108
0.9530771846310778
0.9531170375403432
0.953071961982349
0.952942173986773
0.9529820399864453
0.9530218384966989
0.9530615696887687
0.9529362061681453
0.9528915154073448
0.9529312526360185
0.9529709228824274
0.9530105263157894
0.9530461124200605
0.953085589372793
0.953125
0.9530804096021487
0.9531197584703119
0.9531590413943355
0.9531982585398526
0.9532374100719424
0.9532764961551321
0.953315516953399
0.9533544726301736
0.9533933633483408
0.9534321892702432
0.9534709505576827
0.9535096473719228
0.9534651819843776
0.9534999584821058
0.9534555712270804
0.953494155682666
0.9535326762196638
0.9535711329967723
0.9536095261721658
0.9535652317607205
0.953603566416247
0.9535593499958757
0.953597626308415
0.9535534876060282
0.9535917057516663
0.9536298610540163
0.9536679536679536
0.9536239021587458
0.9536619371770688
0.9536999098582316
0.953737820355359
0.953775668821075
0.9537317093108804
0.9537657245548113
0.9538034606594842
0.953759582449845
0.953797262059974
0.9538348803126526
0.9537910836316303
0.9538286457486588
0.9538661468486029
0.9539035870800194
0.9539409665909828
0.9538972613838924
0.9538536269430051
0.9538100630965863
0.9536857419980601
0.9537231465029882
0.9536797934151066
0.9537171423963877
0.9537544311956171
0.9537916599581387
0.9537483912483913
0.9537855650217006
0.9538226790876968
0.953859733590114
0.9538967286722257
0.9539336644768467
0.9539705411463336
0.9540073588225884
0.9540441176470589
0.954080817760741
0.9541174593041813
0.9540743103173338
0.9541108986615678
0.9541474287533832
0.9541839007317849
0.9542203147353362
0.9541772554002541
0.9541342644024758
0.9541706311449413
0.954127713516083
0.954084863837872
0.9541211833570638
0.9540784065760354
0.9541146738271995
0.9540719696969697
0.9541081848288914
0.9541443428931611
0.954180444024563
0.9540591567023285
0.9540166640465335
0.954052780395853
0.9540888400565061
0.954124843161857
0.9541607898448519
0.9541183839649233
0.9540724512948908
0.9540301774685326
0.953987969689868
0.9538677698852549
0.953903751657437
0.9539396773439327
0.9539755470757729
0.9540113609835811
0.9539693647461317
0.9538497397249631
0.9538855678906917
0.9539213404700955
0.9539570575924347
0.9539927193865696
0.9540283259809612
0.9540638775036734
0.9539448265203616
0
0.5454545454545454
0.7619047619047619
0.8064516129032258
0.8292682926829268
0.8431372549019608
0.8333333333333334
0.8428571428571429
0.8125
0.8222222222222222
0.8118811881188119
0.8090909090909091
0.8067226890756303
0.7984496124031008
0.8
0.8066666666666666
0.8125
0.8128654970760234
0.8121546961325967
0.8082901554404145
0.8029556650246306
0.812206572769953
0.8161434977578476
0.8240343347639485
0.8264462809917356
0.8333333333333334
0.8358778625954199
0.8382352941176471
0.8439716312056738
0.8458904109589042
0.8504983388704319
0.8543689320388349
0.8557993730407524
0.8601823708206687
0.863905325443787
0.8649425287356322
0.8659217877094972
0.8695652173913043
0.8703703703703703
0.8737113402061856
0.8743718592964824
0.875
0.8776978417266187
0.8782201405152225
0.8787185354691075
0.8814317673378076
0.8796498905908097
0.880085653104925
0.8825995807127882
0.8829568788501027
0.8853118712273642
0.8875739644970414
0.8897485493230174
0.8918406072106262
0.8919925512104283
0.8903107861060329
0.8922800718132855
0.890652557319224
0.8908145580589255
0.8926746166950597
0.8944723618090452
0.8960396039603961
0.8977272727272727
0.8993610223642172
0.9009433962264151
0.9024767801857585
0.9009146341463414
0.9024024024024024
0.9038461538461539
0.9051094890510949
0.9050359712230216
0.9049645390070922
0.9048951048951049
0.9062068965517242
0.9074829931972789
0.9087248322147651
0.9098143236074271
0.9109947643979057
0.9121447028423773
0.9132653061224489
0.9130982367758187
0.914179104477612
0.914004914004914
0.9150485436893204
0.9160671462829736
0.9170616113744076
0.9168618266978923
0.9178240740740741
0.9187643020594966
0.919683257918552
0.9205816554809844
0.9214601769911505
0.9223194748358862
0.9231601731601732
0.923982869379015
0.9247881355932204
0.9255765199161425
0.9253112033195021
0.9260780287474333
0.9258130081300813
0.9265593561368209
0.9272908366533864
0.928007889546351
0.9287109375
0.9284332688588007
0.9291187739463601
0.9297912713472486
0.9304511278195489
0.9302325581395349
0.928110599078341
0.9287671232876712
0.9294117647058824
0.9291479820627803
0.9297777777777778
0.9303964757709251
0.9310043668122271
0.9316017316017317
0.9321888412017167
0.9327659574468085
0.9333333333333333
0.9338912133891213
0.9344398340248963
0.9349794238683128
0.9346938775510204
0.9352226720647774
0.9357429718875502
0.9362549800796812
0.9359683794466404
0.9364705882352942
0.9369649805447471
0.9366795366795366
0.9371647509578545
0.9368821292775665
0.9373584905660377
0.9378277153558052
0.9382899628252788
0.9387453874538746
0.9391941391941392
0.9389090909090909
0.9393501805054152
0.9397849462365592
0.9402135231316726
0.9406360424028268
0.9410526315789474
0.9407665505226481
0.9404844290657439
0.940893470790378
0.9412568306010929
0.9416553595658074
0.9420485175202157
0.9424364123159303
0.9428191489361702
0.9431968295904888
0.9429133858267716
0.9432855280312907
0.9436528497409327
0.9433719433719434
0.9437340153452686
0.9440914866581956
0.9444444444444444
0.944792973651192
0.9451371571072319
0.9454770755885997
0.9458128078817734
0.9461444308445532
0.9464720194647201
0.9467956469165659
0.9471153846153846
0.9474313022700119
0.9477434679334917
0.948051948051948
0.9483568075117371
0.9486581096849475
0.9489559164733179
0.9492502883506344
0.9495412844036697
0.9498289623717218
0.949546485260771
