0.6563770771026611
0.5807085126638413
0.4574382394552231
0.4807159125804901
0.48024008572101595
0.4657897800207138
0.4441842794418335
0.4437135547399521
0.461344501376152
0.4570330590009689
0.44577238261699675
0.45601593554019926
0.4623411864042282
0.46382715106010436
0.41074331998825075
0.4401520162820816
0.4269664168357849
0.42706444263458254
0.47063239216804503
0.479621946811676
0.4514948785305023
0.4398709088563919
0.41806386411190033
0.49128094911575315
0.4065692126750946
0.44896450340747834
0.4699948996305466
0.454761329293251
0.46621463596820834
0.4640656650066376
0.48402680456638336
0.4473664194345474
0.4274263709783554
0.4957608193159103
0.48332369327545166
0.46903629004955294
0.4438662052154541
0.44666980803012846
0.45687025487422944
0.4674636960029602
0.46495009064674375
0.45004641711711885
0.46100837290287017
0.48572754859924316
0.4578383654356003
0.4575396329164505
0.42732608914375303
0.45629828572273257
0.45973706245422363
0.49011164009571073
0.47447040379047395
0.47081446945667266
0.4487275093793869
0.42940108478069305
0.46638319492340086
0.4547961801290512
0.4364947885274887
0.44177126586437226
0.46119165122509004
0.4401537925004959
0.47891908288002016
0.41230608522892
0.4725476950407028
0.44285767078399657
0.4310379683971405
0.4612937182188034
0.44857060015201566
0.4550268560647964
0.4864219963550568
0.47841077744960786
0.4544785380363464
0.4559913367033005
0.4836973398923874
0.44024534821510314
0.4989531636238098
0.4497456640005112
0.4588739961385727
0.47004432380199435
0.4223600834608078
0.4402362823486328
0.47235904932022094
0.4199359953403473
0.4357988715171814
0.4665219634771347
0.45522335171699524
0.4515917211771011
0.4550711393356323
0.4442970633506775
0.5265501737594604
0.45185813307762146
0.43531871438026426
0.4410912454128265
0.47272456586360934
0.4163817137479782
0.43820206820964813
0.46354862451553347
0.4334098011255264
0.4650577276945114
0.4842547863721848
0.4379975825548172
0.45128538012504577
0.49021045565605165
0.6038829684257507
2.4135645508766173
0.527641674876213
0.4781379610300064
0.510930535197258
0.547216820716858
0.5763580590486527
0.5806965082883835
0.5917844176292419
0.6008766114711761
0.580744156241417
0.4841700166463852
0.48848628997802734
0.5021324217319488
0.49270720183849337
0.4945047408342361
0.4705748200416565
0.49948551654815676
0.493028125166893
0.48870750069618224
0.5936198383569717
0.466315558552742
0.46322120130062105
0.49404415786266326
0.5391620725393296
0.6519387274980545
0.4692384600639343
0.4574162423610687
0.454838353395462
0.485327473282814
0.5142161250114441
0.487041699886322
0.608684492111206
0.6526653409004212
0.573385289311409
0.49812487363815305
0.5172172427177429
0.45400357246398926
0.5281829506158828
0.8444943010807038
0.813272362947464
0.49018513560295107
0.48865861594676974
0.507731369137764
0.49388388097286223
0.5941955804824829
0.6987203001976013
0.512434321641922
0.5803635388612747
0.5710137575864792
0.4798797875642776
0.5717416197061539
0.5178148537874222
0.46908092200756074
0.46099295020103453
0.48549520075321195
0.6069250911474228
0.831353509426117
0.7493167638778686
0.8960412085056305
0.8222558617591857
0.6638556808233261
0.5697375267744065
0.5463997036218643
0.483467635512352
0.472192245721817
0.48651756048202516
0.5003300040960312
0.5359642714262008
0.49016423523426056
0.46567984819412234
0.603771960735321
0.7499203264713288
0.8505846232175827
0.7102706223726273
0.5022401869297027
0.4797282963991165
0.48413569331169126
0.5090907365083694
0.49505720734596254
0.501988872885704
0.4994242757558823
0.5679588615894318
0.48618916869163514
0.44946824908256533
0.47168811559677126
0.4609435945749283
0.49717665612697604
0.4654914140701294
0.4642346054315567
0.47035804092884065
0.4448553204536438
0.5709628760814667
0.47724746763706205
0.5709697961807251
0.5131701171398163
0.5331653267145157
0.5202186167240143
0.49460586309432986
0.5264420837163926
0.5583857446908951
0.6138993442058563
0.5191814184188843
0.5473839998245239
0.542905306816101
0.5131115734577179
0.4629593461751938
0.46202259361743925
0.5166807770729065
0.5775762230157853
0.6020785242319107
0.5743893146514892
0.539367949962616
0.5337947726249694
0.49009445011615754
0.5641385078430176
0.5410794168710709
0.6148551672697067
0.6305931270122528
0.6026732653379441
0.42834639847278594
0.45552262365818025
0.5730207204818726
0.5328231751918793
0.5697882771492004
0.6225419193506241
0.5277495443820953
0.6110886365175248
0.5236902087926865
0.5061122357845307
0.5249453604221344
0.4571534156799316
0.4968524038791656
0.47751965522766116
0.5509424895048142
0.5721118867397308
0.42305382192134855
0.5097134709358215
0.5152451574802399
0.5006984323263168
0.46803840100765226
0.5097687363624572
0.4790840357542038
0.5105175077915192
0.5066376537084579
0.44430796802043915
0.45765949189662936
0.4741810917854309
0.49501951336860656
0.46429158449172975
0.5122432857751846
0.5363875389099121
0.5670689672231675
0.7780587911605835
0.6215821832418442
0.502753934264183
0.5052004843950272
0.5191964030265808
0.484939894080162
0.46237070560455323
0.48467724323272704
0.48076592683792113
0.4677543222904205
0.5499909460544586
0.5192777067422867
0.5268540740013122
0.45356889069080353
0.4824542701244354
0.4828042149543762
0.6095656782388688
0.4682204157114029
0.4338840216398239
0.47996673583984373
0.5257790893316269
0.5060559153556824
0.5080580741167069
0.6929939985275269
0.7071306109428406
0.6012514412403107
0.5894751727581025
0.554792258143425
0.4818565547466278
0.6085089117288589
0.5757060497999191
0.5206207662820816
0.4410322278738022
0.45996596813201907
0.42828020453453064
0.5062560379505158
0.46409698724746706
0.49147648811340333
0.5459944605827332
0.6237865656614303
0.688341674208641
0.6217782020568847
0.6387402653694153
0.7145943403244018
0.4596110641956329
0.570859894156456
0.4303410083055496
0.49152176082134247
0.5290320724248886
0.5035887330770492
0.47178930342197417
0.4777615010738373
0.45400153398513793
0.5255146473646164
0.48935349881649015
0.4381163090467453
0.6008232563734055
0.48030690252780917
0.6102149158716201
0.4934472441673279
0.5788395226001739
0.5590311914682389
0.5256683111190796
0.5747719079256057
0.5113301038742065
0.47826388478279114
0.49545495212078094
0.5024553596973419
0.5364871829748153
0.451957631111145
0.48782620429992674
0.4928992658853531
0.5584168463945389
0.5577028423547745
0.6542788326740265
0.826407966017723
0.6333872497081756
0.5095906674861908
0.4655588835477829
0.5240881085395813
0.5512829184532165
0.4919800728559494
0.5485600858926774
0.543107682466507
0.5480603009462357
0.5539505571126938
0.5571015149354934
0.5981963098049163
0.4811052858829498
0.5271787077188492
0.5010639220476151
0.4601259857416153
0.5074870228767395
0.5236439198255539
0.4704554557800293
0.5597863137722016
0.5239361077547073
0.516516450047493
0.5137545168399811
0.46949956715106966
0.5110290318727493
0.6172999829053879
0.6001467138528824
0.4397506833076477
0.4682066261768341
0.4810318022966385
0.5277242541313172
0.48292278945446016
0.5286407083272934
0.49086890518665316
0.57738356590271
0.5129879117012024
0.6263807773590088
0.518470898270607
0.6850069403648377
0.6444655686616898
0.5106733530759812
0.460223975777626
0.5974846065044404
0.5026708126068116
0.45678962469100953
0.594103467464447
0.5757686585187912
0.729799798130989
0.7300267875194549
0.663497444987297
0.8562420576810836
0.5779308378696442
0.5180851548910141
0.4601232916116714
0.5009109824895859
0.5742912322282792
0.4730254352092743
0.5094579964876175
0.5281879603862762
0.49213106036186216
0.4894242793321609
0.5231144100427627
0.5076583623886108
0.4708393305540085
0.46052269637584686
0.4680598556995392
0.485092094540596
0.5441834390163421
0.5932154327630996
0.4827479004859924
0.5106541633605957
0.5136769622564316
0.6785082668066025
0.5931476652622223
0.5690191805362701
0.5007677137851715
0.4782751888036728
0.42243861258029936
0.454535111784935
0.4688293218612671
0.46457886695861816
0.48211124539375305
0.4777648627758026
0.4981374591588974
0.5515056133270264
0.5965105086565018
0.5746852606534958
0.6592726886272431
0.5365754991769791
0.4804428964853287
0.51829694211483
0.48940773606300353
0.46746655106544494
0.5295755594968796
0.5204083740711212
0.46772370040416716
0.4859103947877884
0.49216412007808685
0.5394016861915588
0.5186397820711136
0.5654329478740692
0.507207727432251
0.4982624173164368
0.47887952625751495
0.47764024436473845
0.5553458839654922
0.5124224126338959
0.48614134192466735
0.5560950249433517
0.6395577400922775
0.6975823253393173
0.6294977068901062
0.5709954351186752
0.4661050885915756
0.5720362901687622
0.7097589164972306
0.5409461200237274
0.4500206083059311
0.5289829820394516
0.49784470200538633
0.5175495564937591
0.47319969832897185
0.47975939214229585
0.5409666299819946
0.46626153588294983
0.6618372410535812
0.6142741292715073
0.4737647116184235
0.49019951522350313
0.5107980221509933
0.5291063785552979
0.5428524583578109
0.47407448589801787
0.5477663576602936
0.4902191996574402
0.5023212730884552
0.5502617180347442
0.5090615898370743
0.49545702934265134
0.5553492814302444
0.6144594043493271
0.4916097581386566
0.4983051270246506
0.4797872692346573
0.4821920096874237
0.4789759188890457
0.5554774612188339
0.48502056300640106
0.5246089220046997
0.4488925337791443
0.5076701045036316
0.5244442582130432
0.4655295342206955
0.4767776429653168
0.4634119987487793
0.4506829023361206
0.41942401230335236
0.4838257014751434
0.5272369354963302
0.49747520983219146
0.570874246954918
0.5104194521903992
0.5100698083639145
0.5303464204072952
0.5417619317770004
0.5145432353019714
0.4815002173185349
0.4904652744531631
0.47787400186061857
0.4913482189178467
0.57872374355793
0.5131423085927963
0.5296765178442001
0.4943251311779022
0.5094073474407196
0.5207508474588394
0.5738377720117569
0.47645128071308135
0.5829291492700577
0.746486359834671
0.7345435917377472
0.548884031176567
0.4997182607650757
0.46364339888095857
0.46851966679096224
0.49816160202026366
0.5329182296991348
0.45295884013175963
0.5903928577899933
0.5371122896671295
0.46924506723880766
0.4746518462896347
0.47248079180717467
0.48200357854366305
0.5519856661558151
0.7802033931016922
0.6385255575180053
0.5284883141517639
0.5206614881753922
0.44017011523246763
0.4736091375350952
0.5043492555618286
0.48437464237213135
0.5622877806425095
0.784218254685402
0.7848751962184906
0.6145986825227737
0.526094663143158
0.6675631254911423
0.6117387294769288
0.5885668694972992
0.4254780113697052
0.4497776418924332
0.4766477674245834
0.4620758444070816
0.6187964826822281
0.7347403913736343
0.73878014087677
0.5743082493543625
0.5780891567468643
0.5287910491228104
0.6159262239933014
0.9171449303627014
0.7620705842971802
0.6548766791820526
0.5105414777994156
0.4954017013311386
0.5123611718416214
0.47097155451774597
0.5001658976078034
0.4913541078567505
0.4994277358055115
0.5687034755945206
0.5320874899625778
0.49389188885688784
0.5267359435558319
0.4856793016195297
0.4839710921049118
0.5185923010110856
0.5304503172636033
0.4745632350444794
0.4774519443511963
0.5000572293996811
0.46142634451389314
0.6164802074432373
0.45871245563030244
0.5318517327308655
0.43196875154972075
0.5031312882900238
0.4990184396505356
0.44452807307243347
0.4752101540565491
0.5275913953781128
0.5869030147790909
0.6174609869718551
0.5714383512735367
0.5746802866458893
0.5180298000574112
0.4641323804855347
0.4944515287876129
0.5465970069169999
0.46110173761844636
0.5346555531024932
0.5177428096532821
0.5797310084104538
0.5481032520532608
0.49713200628757476
0.4251462876796722
0.46356542110443116
0.46981471180915835
0.5141717553138733
0.44614349901676176
0.4697634607553482
0.43597949147224424
0.46137544214725495
0.5166766524314881
0.4547637939453125
0.49772444665431975
0.6003222823143005
0.5851080119609833
0.6289416491985321
0.5976010233163833
0.8488928020000458
0.7247089445590973
0.45032000839710234
0.5557758450508118
0.7394474267959594
0.5500840336084366
0.5011636584997177
0.4562896817922592
0.5517285197973252
0.6286822736263276
0.579645249247551
0.5418642401695252
0.5213432043790818
0.5981469959020614
0.602117046713829
0.5640582591295242
0.5109522432088852
0.43543732166290283
0.5001388370990754
0.48115527629852295
0.567420968413353
0.4970617651939392
0.5147132098674774
0.4901310533285141
0.5379506796598434
0.44072678983211516
0.5118412256240845
0.49258813560009
0.5384245365858078
0.488221800327301
0.5423486560583115
0.4630367815494537
0.4539919555187225
0.5214023292064667
0.4906803756952286
0.5056334644556045
0.47836998999118807
0.47080640196800233
0.5720947951078414
0.49724780321121215
0.5108644992113114
0.46682064831256864
0.4586136847734451
0.5054612576961517
0.6082463026046753
0.5144771248102188
0.544811698794365
0.7184883326292038
0.5638235181570053
0.49322681725025175
0.43378821909427645
0.5312626540660859
0.540145093202591
0.6898544788360595
0.4817437559366226
0.444105851650238
0.4469307214021683
0.5835434436798096
0.44051508903503417
0.5056386709213256
0.4923698425292969
0.48725436329841615
0.6461308360099792
0.6479108393192291
0.5115193217992783
0.5215997070074081
0.6291007041931153
0.7267130851745606
0.619609460234642
0.6317214637994766
0.5002782702445984
0.4797181934118271
0.5413682430982589
0.5961161345243454
0.5797980219125748
0.5299387514591217
0.5263087242841721
0.4884990930557251
0.5366528898477554
0.6747595518827438
0.6289112448692322
0.5455580353736877
0.4844138205051422
0.43578351140022276
0.5010931968688965
0.5044993340969086
0.6002709239721298
0.7965820461511612
0.5056462019681931
0.5097816795110702
0.6466065138578415
0.7898958116769791
0.7107442408800125
0.5593620210886001
0.5486746072769165
0.5618480414152145
0.5123051583766938
0.47701018750667573
0.4777628034353256
0.5008260548114777
0.4720728397369385
0.4686878055334091
0.5086117625236511
0.6017005741596222
0.5094835549592972
0.5286213755607605
0.5337399750947952
0.6947390735149384
0.7059492647647858
0.7806115359067917
0.6765831649303437
0.5517523258924484
0.5317818552255631
0.5158628851175309
0.46953819394111634
0.5137589454650879
0.5022185504436493
0.43772968351840974
0.4540107786655426
0.4409973114728928
0.4712178260087967
0.5563284754753113
0.5854492753744125
0.7070564687252044
0.5092312097549438
0.5028004258871078
0.5388644337654114
0.45055261850357053
0.4660413146018982
0.4695732593536377
0.46863471865653994
0.4855352222919464
0.4611603766679764
0.46612065434455874
0.5147632688283921
0.47208834886550904
0.5690756171941758
0.5835731506347657
0.48451727330684663
0.49695186913013456
0.5153077393770218
0.48214254081249236
0.47615525424480437
0.48397854864597323
0.49298120737075807
0.4706081718206406
0.464863994717598
0.4964550256729126
0.4942649632692337
0.4844800531864166
0.5212322920560837
0.5406657934188843
0.5113451153039932
0.5052620112895966
0.5447228729724884
0.5301621288061142
0.5468277245759964
0.4351536363363266
0.46486175060272217
0.49613314867019653
0.549145969748497
0.4887178987264633
0.4546668231487274
0.5001156568527222
0.47745277285575866
0.46588588058948516
0.49159543216228485
0.549827641248703
0.497246515750885
0.5345099985599517
0.5405586063861847
0.5085307121276855
0.4974197119474411
0.6014489591121673
0.7750711262226104
0.9257707536220551
0.9036242127418518
0.5550446212291718
0.5688346117734909
0.6434143245220184
0.5184841901063919
0.4894582241773605
0.490861839056015
0.5306854516267776
0.541790571808815
0.4991703420877457
0.5716866284608841
0.4912834733724594
0.5002242177724838
0.5344402104616165
0.584629911184311
0.5324222654104233
0.5638935476541519
0.531868040561676
0.47263334393501283
0.4657034993171692
0.47095158994197844
0.5081875115633011
0.4558645039796829
0.656315615773201
0.43854827582836153
0.500305762887001
0.46997168064117434
0.5060294061899185
0.47637695372104644
0.46429854035377505
0.45046963095664977
0.5867175102233887
0.5055610746145248
0.4763533025979996
0.5280013173818588
0.4520137757062912
0.5197736412286759
0.8094852149486542
0.6487367421388626
0.7149940103292465
0.6655527293682099
0.965326601266861
0.7137581259012222
0.7749192476272583
0.7423427045345307
0.7282273024320602
0.5500050544738769
0.5055671185255051
0.4681378096342087
0.5297405362129212
0.6782280504703522
0.6465193003416061
0.5302548676729202
0.4778926819562912
0.4413714498281479
0.512126088142395
0.47325247526168823
0.4971275836229324
0.4938088744878769
0.49074831008911135
0.467515167593956
0.6069778233766556
0.5921977460384369
0.5233980685472488
0.4784621000289917
0.4923388004302979
0.5211138218641281
0.49325654804706576
0.48199126720428465
0.508618488907814
0.4522045075893402
0.5777379214763642
0.6327005624771118
0.7176149070262909
0.6240109831094742
0.46621634662151334
0.5276434123516083
0.4975632935762405
0.5245941758155823
0.5400564581155777
0.597935163974762
0.5709477931261062
0.5167558401823044
0.5170081049203873
0.7249573200941086
0.7131847590208054
0.5098356068134308
0.43939237892627714
0.47896723449230194
0.5006133079528808
0.48892320692539215
0.45608175694942477
0.5171022415161133
0.506506285071373
0.44238297939300536
0.48155518174171447
0.4402090162038803
0.4873240739107132
0.45545472502708434
0.5279739469289779
0.4802401214838028
0.6029950857162476
0.6543780952692032
0.5385787457227706
0.5619537532329559
0.5002595782279968
0.5034341931343078
0.5303882926702499
0.4807523638010025
0.5245337277650833
0.48266788125038146
0.5156818062067032
0.48041446805000304
0.5424475640058517
0.6482252329587936
0.615427753329277
0.6133812695741654
0.7118852794170379
0.6076692849397659
0.5793376594781876
0.5524154871702194
0.7174713522195816
0.5649552792310715
0.4830636203289032
0.49845938086509706
0.4921051859855652
0.46427872180938723
0.491890013217926
0.5784238338470459
0.5001192808151245
0.49963398873806
0.4936323195695877
0.4384657651185989
0.6208850264549255
0.5365490198135376
0.7052937597036362
0.6212292581796646
0.6527354329824447
0.616001096367836
0.5671273589134216
0.5411408305168152
0.536781170964241
0.46634324491024015
0.4584801733493805
0.510844749212265
0.5129032731056213
0.4893742024898529
0.611054527759552
0.7277410298585891
0.6208910405635834
0.5588035821914673
0.4984375
0.46887491941452025
0.5785779267549515
0.5709383368492127
0.5530773133039475
0.6085714936256409
0.6548685759305954
0.6137766093015671
0.5355509489774704
0.5184700936079025
0.46194103062152864
0.500048479437828
0.5122153788805008
0.6195114493370056
0.5036329001188278
0.4881760269403458
0.5759963452816009
0.5670337677001953
0.5680702298879623
0.504196497797966
0.5036893248558044
0.47541809678077696
0.4540500700473785
0.48337826132774353
0.48018043041229247
0.47866052985191343
0.45613275170326234
0.5458239793777466
0.47513879239559176
0.526577216386795
0.5768269717693328
0.6137765377759934
0.5879957348108291
0.6123822182416916
0.5000372976064682
0.49758423268795016
0.48980990052223206
0.4844674110412598
0.47469143867492675
0.4705780863761902
0.5118329405784607
0.5124858558177948
0.49835124611854553
0.49119158685207365
0.48457677364349366
0.5266668736934662
0.5033396393060684
0.4760566085577011
0.5398224860429763
0.44987335205078127
0.4985362410545349
0.485491943359375
0.517427995800972
0.4925382733345032
0.5502552539110184
0.5269690304994583
0.5232066124677658
0.48714076578617094
0.5137425243854523
0.5407662957906723
0.5555026799440383
0.4843451321125031
0.5069417119026184
0.5052768290042877
0.588305988907814
0.5130298286676407
0.6349638879299164
0.5128452152013778
0.4995000272989273
0.5149349570274353
0.4828500747680664
0.5131434440612793
0.5169590950012207
0.48587346971035006
0.500136524438858
0.486724728345871
0.4832780987024307
0.4700988903641701
0.4987139284610748
0.4830287307500839
0.47152756750583646
0.5269411504268646
0.5107723653316498
0.47918409407138823
0.4789811551570892
0.5789688676595688
0.5279558002948761
0.46768865585327146
0.502962076663971
0.46942890584468844
0.5154188454151154
0.5825174629688263
0.5289625853300095
0.48960429430007935
0.4603294938802719
0.5139292687177658
0.5716668605804444
0.5848995417356491
0.71778045296669
0.6067892283201217
0.4740095525979996
0.48830688297748565
0.47656759023666384
0.5591743052005768
0.45119055211544035
0.48366324305534364
0.643355205655098
0.5746821403503418
0.526772552728653
0.7007813096046448
0.5511663079261779
0.7221034884452819
0.42367778420448304
0.48929314613342284
0.5278661787509918
0.4521426409482956
0.4815444976091385
0.45551984310150145
0.5145327180624009
0.4983188837766647
0.5041408449411392
0.5589073389768601
0.5389102071523666
0.4798341542482376
0.4728421926498413
0.5608215093612671
0.637875548005104
0.6993102848529815
0.5161217093467713
0.4466028451919556
0.5360960960388184
0.46979597210884094
0.5055924385786057
0.5051635950803757
0.5055120587348938
0.6771961569786071
0.5967101216316223
0.48761812448501585
0.4846974968910217
0.4985416024923325
0.4728236198425293
0.4320503830909729
0.5024933695793152
0.5379434496164321
0.5952548205852508
0.5728158950805664
0.5488094300031662
0.6002491682767868
0.5989120543003082
0.4735265105962753
0.47984480261802676
0.49513834714889526
0.49725899696350095
0.5237333625555038
0.5187220484018326
0.522039356827736
0.45075397491455077
0.4662927269935608
0.4844258040189743
0.5693338483572006
0.5410645067691803
0.44524748623371124
0.46156284511089324
0.4750936657190323
0.6776473522186279
0.7677778005599976
1.5113815069198608
0.9637647867202759
16.44651985168457
4.801270008087158
0.47651898860931396
1.4849237203598022
1.7024351358413696
2.6398165225982666
3.113438606262207
2.153859853744507
3.3234245777130127
2.7563018798828125
3.2242636680603027
1.0185092687606812
0.5499796867370605
0.5842342972755432
1.1870903968811035
1.3758758306503296
0.47585567831993103
0.8806139230728149
1.0239850282669067
1.2919431924819946
0.8243531584739685
0.8373688459396362
0.4039745330810547
0.6131924390792847
0.7313006520271301
0.4672596752643585
0.47113245725631714
0.6430613994598389
0.7367002367973328
0.5469043254852295
0.4909588694572449
0.46975162625312805
0.5667513012886047
0.4712001085281372
0.4126407504081726
0.5503987073898315
0.629188060760498
0.49469470977783203
0.5575138330459595
0.5595377683639526
0.4823324680328369
0.6960121989250183
0.4737906754016876
0.4929676055908203
0.4140551686286926
0.5377950072288513
0.5952184796333313
0.3972981572151184
0.4394925832748413
0.5663889050483704
0.5295562744140625
0.5126658082008362
0.4817286729812622
0.5513231158256531
0.46010005474090576
0.46534717082977295
0.41359978914260864
0.42731621861457825
0.5165704488754272
0.47449198365211487
0.41630789637565613
0.47540897130966187
0.5904660224914551
0.4860179126262665
0.43693843483924866
0.5321966409683228
0.49144136905670166
0.4614483714103699
0.48156437277793884
0.5339663028717041
0.5136519074440002
0.5060569643974304
0.49390003085136414
0.4182825982570648
0.438093900680542
0.4179328680038452
0.3329585790634155
0.44575443863868713
0.4308062791824341
0.4839533865451813
0.52989262342453
0.47240641713142395
0.4257090389728546
0.5272695422172546
0.5403684973716736
0.6215641498565674
0.706942617893219
0.5271991491317749
0.551990270614624
0.5535123944282532
0.5073298811912537
0.5001744031906128
0.48505011200904846
0.5453239679336548
0.47600919008255005
0.4790557026863098
0.4842245578765869
0.5223304629325867
0.48164573311805725
0.36860713362693787
0.35365191102027893
0.44251418113708496
0.5819902420043945
0.5044507384300232
0.5559467077255249
0.4232056438922882
0.580458402633667
0.5108004212379456
0.38934430480003357
0.528978705406189
0.4685675799846649
0.5476831793785095
0.5077531933784485
0.5591750144958496
0.483176589012146
0.4579765796661377
0.43337517976760864
0.6059126257896423
0.44166305661201477
0.44349461793899536
0.4551725685596466
0.4976208806037903
0.4260552227497101
0.5102606415748596
0.5135452151298523
0.5115779042243958
0.4580919146537781
0.44788795709609985
0.47184666991233826
0.47278937697410583
0.45836785435676575
0.5885031223297119
0.5771154165267944
0.5535397529602051
0.5244804620742798
0.46310219168663025
0.523151159286499
0.46302512288093567
0.4727858304977417
0.4475462734699249
0.46152764558792114
0.5076329708099365
0.4516153633594513
0.5533886551856995
0.5054749250411987
0.5058344006538391
0.43869608640670776
0.44410061836242676
0.394912451505661
0.4977375864982605
0.4709814786911011
0.6109678745269775
0.459462970495224
0.4323709011077881
0.46971389651298523
0.5379121899604797
0.36220934987068176
0.4284033477306366
0.35051605105400085
0.584949254989624
0.39420509338378906
0.3916337192058563
0.42720451951026917
0.5530744791030884
0.411721795797348
0.47628602385520935
0.5618942379951477
0.4571743905544281
0.5223618149757385
0.35560062527656555
0.5707082152366638
0.5648054480552673
0.5193302631378174
0.41606804728507996
0.4914988577365875
0.5427136421203613
0.4379394054412842
0.5245181918144226
0.4205251932144165
0.43455106019973755
0.5173265933990479
0.49052825570106506
0.5639690160751343
0.41318923234939575
0.4721758961677551
0.6059632301330566
0.4799577593803406
0.6261928677558899
0.4982893764972687
0.564740002155304
0.42361441254615784
0.48106107115745544
0.5234673619270325
0.4669573903083801
0.5733078122138977
0.3954533338546753
0.541740357875824
0.6414988040924072
0.5293418765068054
0.5833362340927124
0.47051742672920227
0.4960525929927826
0.47802314162254333
0.40747585892677307
0.5513284802436829
0.5612009763717651
0.5735200643539429
0.4073629081249237
0.6038190126419067
0.7707549929618835
0.40847450494766235
0.5438007116317749
0.4021974802017212
0.4889809787273407
0.8092391490936279
0.4075627624988556
0.60672527551651
0.5679394006729126
0.4748920500278473
0.5347438454627991
0.5077307820320129
0.5837475061416626
0.39453616738319397
0.31620776653289795
0.3686361014842987
0.6342666745185852
0.5977116227149963
0.6639213562011719
0.5094878673553467
0.5167183876037598
0.6948552131652832
0.3777052164077759
0.5277042984962463
0.5286303758621216
0.4361003637313843
0.49212759733200073
0.604055643081665
0.49701449275016785
0.6133610606193542
0.3195841908454895
0.6130226254463196
0.753007709980011
0.6325104832649231
0.8999822735786438
0.3766360580921173
0.5303912162780762
0.9772284626960754
0.8737350702285767
0.7587685585021973
0.42165061831474304
0.9089858531951904
0.5858986377716064
0.5613624453544617
0.4880511164665222
0.4980614483356476
0.43549999594688416
0.6894980072975159
0.4332529902458191
0.4492059648036957
0.6235409379005432
0.45950308442115784
0.5153346061706543
0.7174777984619141
0.8065806031227112
0.5355614423751831
0.6668515205383301
0.5545740723609924
0.9136255383491516
0.6142314672470093
0.791361927986145
0.48102110624313354
0.8290315270423889
0.5653645992279053
0.612581729888916
0.8180009722709656
0.37435832619667053
0.670813798904419
0.5089922547340393
0.6498682498931885
0.44004786014556885
0.5265552401542664
0.5930292010307312
0.4911351799964905
0.5169011354446411
0.5122248530387878
0.4874330461025238
0.475643128156662
0.5300668478012085
0.491010844707489
0.5549970865249634
0.5669317841529846
0.7660121321678162
0.45793795585632324
0.6490480899810791
0.7192632555961609
0.4991501271724701
0.7252359986305237
0.47852054238319397
0.5298694968223572
0.6307272911071777
0.3105549216270447
0.4993477761745453
0.46817025542259216
0.32893073558807373
0.7386929392814636
0.4412916600704193
0.510340690612793
0.4298042058944702
0.5573883652687073
0.4221321940422058
0.34868359565734863
0.4124261736869812
0.36754170060157776
0.42178213596343994
0.37843823432922363
0.4857192635536194
0.5034821629524231
0.4680269658565521
0.41851016879081726
0.45238661766052246
0.49092766642570496
0.5047047138214111
0.6121463179588318
0.5686377882957458
0.4222090244293213
0.556880533695221
0.5202745795249939
0.6798103451728821
0.4692199230194092
0.48242801427841187
0.3382212519645691
0.6286411881446838
0.47389164566993713
0.49935758113861084
0.3921634554862976
0.39573460817337036
0.7951261401176453
0.43074852228164673
0.5767144560813904
0.444601446390152
0.3659898638725281
0.6999192237854004
0.45490819215774536
0.4732181131839752
0.5932168364524841
0.39172449707984924
0.48175284266471863
0.6729200482368469
0.4911324977874756
0.5016152858734131
0.4472547173500061
0.5206301808357239
0.8068408966064453
0.46860450506210327
0.5625903010368347
0.49810779094696045
0.7799727916717529
0.7368857860565186
0.44895297288894653
0.8112028241157532
0.4560721218585968
0.696854829788208
0.4810478687286377
0.43329671025276184
0.5874470472335815
0.5912666916847229
0.45553019642829895
0.4148419499397278
0.5988069772720337
0.3651737570762634
0.5439292788505554
0.611897885799408
0.5659789443016052
0.7241523265838623
0.40590423345565796
0.4874498248100281
0.47867053747177124
0.40049779415130615
0.3740009069442749
0.34591588377952576
0.6274253129959106
0.5942885279655457
0.5849463939666748
0.47099947929382324
0.7431368231773376
0.549317479133606
0.5153517127037048
0.6837117671966553
0.4390745162963867
0.6569347977638245
0.42587903141975403
0.43269309401512146
0.5512211918830872
0.49247875809669495
0.4208804666996002
0.8561245203018188
0.5497985482215881
0.4250596761703491
0.6382259726524353
0.4994581937789917
0.5809871554374695
0.47524914145469666
0.5132758617401123
0.528766930103302
0.6032893061637878
0.4358808100223541
0.43510931730270386
0.5086630582809448
0.45765089988708496
0.47370851039886475
0.4422318935394287
0.5754278302192688
0.4447258412837982
0.4707418382167816
0.48058781027793884
0.4941060543060303
0.4827241003513336
0.5470563769340515
0.5091257691383362
0.3520698845386505
0.3093031942844391
0.6460287570953369
0.39617088437080383
0.44742104411125183
0.6162711977958679
0.4372318685054779
0.5048390030860901
0.6610159277915955
0.42072319984436035
0.5468137264251709
0.5273426175117493
0.5112860798835754
0.47611919045448303
0.44693100452423096
0.40492141246795654
0.34773945808410645
0.5505759716033936
0.40331390500068665
0.5106410980224609
0.5087231993675232
0.4145123362541199
0.4852350652217865
0.5590587854385376
0.45611849427223206
0.5506049990653992
0.7150404453277588
0.5026180744171143
0.5025168061256409
0.5631547570228577
0.42171287536621094
0.3952782154083252
0.9230273365974426
0.40626898407936096
0.6096018552780151
0.5236856341362
0.3580496311187744
0.6424457430839539
0.4458613991737366
0.6093806624412537
0.41458380222320557
0.49565979838371277
0.7998741269111633
0.4008166790008545
0.5432579517364502
0.4883933961391449
0.511400580406189
0.44380423426628113
0.38307246565818787
0.39308062195777893
0.5589168071746826
0.49326056241989136
0.4192442297935486
0.42438849806785583
0.4073193371295929
0.617417573928833
0.5451321601867676
0.560904324054718
0.4119724929332733
0.5806371569633484
0.5535146594047546
0.5115250945091248
0.5090744495391846
0.2854413390159607
0.7497491240501404
0.47414398193359375
0.43683260679244995
0.41983821988105774
0.5418937802314758
0.5898655652999878
0.49709412455558777
0.5608910918235779
0.4500681757926941
0.5310726761817932
0.4650295674800873
0.5148555636405945
0.5298312902450562
0.5100395679473877
0.47801077365875244
0.4733995199203491
0.4917343854904175
0.5118635296821594
0.37053894996643066
0.5989615321159363
0.5366337299346924
0.5255931615829468
0.5723021626472473
0.5202495455741882
0.44212520122528076
0.37516921758651733
0.4733901917934418
0.5649828910827637
0.46391791105270386
0.4253929853439331
0.44600987434387207
0.428720623254776
0.5577354431152344
0.5038774609565735
0.6600794792175293
0.5759656429290771
0.5861270427703857
0.7224279642105103
0.4252115488052368
0.5041742920875549
0.5622769594192505
0.3204289674758911
0.32288825511932373
0.7243057489395142
0.4504846930503845
0.4707473814487457
0.27070558071136475
0.785392165184021
0.5684898495674133
0.59493488073349
0.43180742859840393
0.4858812093734741
0.4768734872341156
0.5737547278404236
0.470041424036026
0.6084768772125244
0.6087271571159363
0.7005663514137268
0.4790055751800537
0.5608781576156616
0.4709348976612091
0.6220434308052063
0.5604748129844666
0.4648107588291168
0.516309916973114
0.5352847576141357
0.6012290716171265
0.45942267775535583
0.5457659363746643
0.4502622187137604
0.4291994869709015
0.5050923824310303
0.46738961338996887
0.4792451858520508
0.5383042097091675
0.4043196141719818
0.4269411861896515
0.5302239656448364
0.4386066198348999
0.4573267996311188
0.4866567552089691
0.5087034702301025
0.4180142879486084
0.5272350311279297
0.48759716749191284
0.40218356251716614
0.5086281299591064
0.41344937682151794
0.40363216400146484
0.48526495695114136
0.3443107604980469
0.46419036388397217
0.5551370978355408
0.552401065826416
0.366374135017395
0.6964007616043091
0.2350333333015442
0.4298940896987915
0.5735941529273987
0.6407749652862549
0.4677591621875763
0.3912971615791321
0.624178409576416
0.44484859704971313
0.6637098789215088
0.574670135974884
0.6806443929672241
0.4558768570423126
0.6172758340835571
0.5958878993988037
0.5169323086738586
0.6413553357124329
0.47052597999572754
0.5459568500518799
0.34300467371940613
0.7087092399597168
0.6708779335021973
0.49855536222457886
0.7214816808700562
0.6436285972595215
0.8408581018447876
0.5279187560081482
0.5796958804130554
0.4517412483692169
0.4552624821662903
0.5913398861885071
0.5626262426376343
0.8112477660179138
0.45741745829582214
0.6055600643157959
0.9391025304794312
0.4321751892566681
0.8602132201194763
0.5556756854057312
0.9045068621635437
0.7192862033843994
0.5273458361625671
0.736756443977356
0.6882067918777466
0.8146935105323792
0.47437408566474915
0.4567057490348816
0.5606396794319153
0.6268988251686096
0.44744354486465454
0.8276941180229187
0.5051442980766296
0.46865394711494446
0.7616322040557861
0.48574748635292053
0.9762213826179504
0.46963244676589966
0.6359429359436035
0.4404378831386566
0.33507078886032104
0.47496306896209717
0.7444635033607483
0.39416125416755676
0.48936593532562256
0.4845455288887024
0.3121068477630615
0.5551819205284119
0.4773847162723541
0.5146499872207642
0.46897411346435547
0.8592738509178162
0.5264068841934204
0.7789399027824402
0.41885077953338623
0.7967222332954407
0.4506130516529083
0.43950900435447693
0.5742601156234741
0.34816303849220276
0.6303537487983704
0.6400124430656433
0.5851032137870789
0.9867132306098938
0.6108758449554443
0.5816928744316101
0.7418548464775085
0.4830310344696045
0.7129010558128357
0.49643298983573914
0.40169262886047363
0.9764594435691833
0.46224525570869446
0.4923286437988281
0.6141299605369568
0.44854992628097534
0.5416033267974854
0.44218647480010986
0.38419854640960693
0.49077335000038147
0.5346490740776062
0.40212348103523254
0.5431274175643921
0.6321519017219543
0.5548063516616821
0.5386703610420227
0.49763497710227966
0.5482602119445801
0.49713706970214844
0.5630804300308228
0.5414295792579651
0.4378544092178345
0.4267864525318146
0.4485347867012024
0.4584018290042877
0.39586541056632996
0.5421540141105652
0.4871046841144562
0.4909088611602783
0.4256148934364319
0.5616530179977417
0.43700161576271057
0.46382343769073486
0.46893879771232605
0.5610843896865845
0.315550833940506
0.6830601692199707
0.38885724544525146
0.502478837966919
0.5824050307273865
0.5721210837364197
0.43656447529792786
0.41644132137298584
0.3978300988674164
0.4800755977630615
0.5341264605522156
0.5611625909805298
0.3898128867149353
0.46152400970458984
0.6284502148628235
0.4172636866569519
0.6026774644851685
0.3910980522632599
0.5940213799476624
0.7846071124076843
0.4357655644416809
0.6768859624862671
0.5252301096916199
0.47412630915641785
0.49093422293663025
0.3727418780326843
0.5116408467292786
0.47691771388053894
0.5723876357078552
0.4502078890800476
0.4445921778678894
0.5084051489830017
0.47934916615486145
0.7282899618148804
0.5339056253433228
0.4646991491317749
0.4585834741592407
0.5818899869918823
0.5309576988220215
0.6191854476928711
0.40631890296936035
0.911176323890686
0.3693769574165344
0.4466702342033386
0.309151828289032
0.3823259472846985
0.8347421884536743
0.5753814578056335
0.7795235514640808
0.4787888824939728
0.6820557117462158
0.4751966595649719
0.42990612983703613
0.5022156238555908
0.40000563859939575
0.7376249432563782
0.43368348479270935
0.5195749998092651
0.4398423731327057
0.44978389143943787
0.5631763935089111
0.6633745431900024
0.9265877604484558
0.6665933728218079
0.4147092401981354
0.46970123052597046
0.42562031745910645
0.5057132840156555
0.49149760603904724
0.4654550552368164
0.46435317397117615
0.55079185962677
0.5127895474433899
0.4106409549713135
0.41468513011932373
0.4542846381664276
0.4502291977405548
0.5106710195541382
0.5328913331031799
0.5235417485237122
0.5987383723258972
0.4457745850086212
0.39561042189598083
0.4636165499687195
0.6324810981750488
0.48252639174461365
0.5663514733314514
0.4758851230144501
0.4862154424190521
0.7317978143692017
0.5236765742301941
0.7951479554176331
0.5845920443534851
0.6599028706550598
0.5189628005027771
0.6184240579605103
0.9100164175033569
0.447076678276062
0.7366248369216919
0.5838741064071655
0.4103655219078064
0.5271543264389038
0.5103315711021423
0.5052094459533691
0.5375969409942627
0.5312963128089905
0.5151249170303345
0.5159274339675903
0.43728092312812805
0.5069543719291687
0.5412077307701111
0.6390302181243896
0.5159659385681152
0.784085214138031
0.7471319437026978
0.6127834916114807
0.7744160294532776
0.4703596532344818
0.42086413502693176
0.5410405993461609
0.6454005241394043
0.5726178884506226
0.5270181894302368
0.7334482073783875
0.5608091354370117
0.4263620674610138
0.679046094417572
0.823019802570343
0.45085570216178894
0.5484448075294495
0.93365079164505
0.9374468326568604
0.3765152096748352
0.7452869415283203
0.5330672264099121
0.4795019030570984
0.4551759958267212
0.43447041511535645
0.4755224585533142
0.5835140943527222
0.4504131078720093
0.6052237153053284
0.5348455309867859
0.5014213919639587
0.4948378801345825
0.5732006430625916
0.39653080701828003
0.43530359864234924
0.3753458857536316
0.38020190596580505
0.5083480477333069
0.5286036133766174
0.5847321152687073
0.5852412581443787
0.43798089027404785
0.34592536091804504
0.6301250457763672
0.3739505112171173
0.5218507647514343
0.4523894190788269
0.40688851475715637
0.6747063994407654
0.4828202724456787
0.5728417038917542
0.4343140423297882
0.34107863903045654
0.4607648551464081
0.6098176836967468
0.4215376675128937
0.59134840965271
0.49755626916885376
0.4927516281604767
0.5646345019340515
0.4631498456001282
0.3547131419181824
0.5402718186378479
0.49631333351135254
0.48528191447257996
0.6185342669487
0.4700268507003784
0.4392715394496918
0.8470776081085205
0.4368496835231781
0.557136058807373
0.48340147733688354
0.5043278336524963
0.7367912530899048
0.6328644156455994
0.4633089005947113
0.5583202242851257
0.5273372530937195
0.6305835843086243
0.9108679294586182
0.5482778549194336
0.5489693284034729
0.5964391827583313
0.6094245314598083
0.7632933855056763
0.4283526539802551
0.5603214502334595
0.48035678267478943
0.5977805852890015
0.535129725933075
0.8238767981529236
0.44768792390823364
0.8500600457191467
0.7731945514678955
0.6433277726173401
0.5073566436767578
1.2170705795288086
0.6530120372772217
0.6401257514953613
0.43210354447364807
0.6968317627906799
0.5812442898750305
1.217190146446228
0.5809886455535889
0.9675138592720032
0.4593670666217804
0.37936151027679443
0.5587457418441772
0.5782964825630188
0.43475884199142456
0.5899056792259216
0.4981735646724701
0.4449211359024048
0.5667797327041626
0.41960299015045166
0.5430659055709839
0.5434200167655945
0.5723299980163574
0.4508156180381775
0.44200873374938965
0.44937053322792053
0.4596526026725769
0.45130348205566406
0.5074474215507507
0.41778865456581116
0.5686824917793274
0.4384115934371948
0.4861816465854645
0.5181039571762085
0.4516323506832123
0.7474901080131531
0.3508022725582123
0.35513588786125183
0.4895220994949341
0.36817800998687744
0.5091806054115295
0.5109279751777649
0.4453873038291931
0.5940266251564026
0.4081178903579712
0.39559856057167053
0.3898695409297943
0.4226965010166168
0.45284757018089294
0.5311141610145569
0.5164816379547119
0.31051161885261536
0.7181646823883057
0.4765605628490448
0.5082643032073975
0.7282682657241821
0.5375861525535583
0.6538682579994202
0.4045253098011017
0.46262305974960327
0.6134033203125
0.5878733992576599
0.4890124201774597
0.4853583872318268
0.4895695149898529
0.5059212446212769
0.5063056349754333
0.6076997518539429
0.45591747760772705
0.3919728994369507
0.5128441452980042
0.47824937105178833
0.38609641790390015
0.5065438747406006
0.5418835282325745
0.5112525224685669
0.5659872889518738
0.49433204531669617
0.45893317461013794
0.5331898927688599
0.4906691312789917
0.5708064436912537
0.4114154875278473
0.5782598257064819
0.5256921052932739
0.4914322793483734
0.6211265325546265
0.3783811330795288
