0.67
0.764
0.84
0.821
0.822
0.834
0.839
0.841
0.83
0.831
0.84
0.833
0.829
0.826
0.859
0.842
0.848
0.848
0.821
0.817
0.835
0.846
0.859
0.824
0.869
0.844
0.828
0.837
0.83
0.826
0.812
0.836
0.847
0.805
0.816
0.825
0.841
0.839
0.831
0.828
0.828
0.835
0.829
0.817
0.832
0.832
0.85
0.834
0.83
0.813
0.821
0.825
0.839
0.851
0.822
0.834
0.846
0.839
0.827
0.841
0.819
0.861
0.831
0.846
0.85
0.83
0.836
0.834
0.814
0.818
0.832
0.832
0.814
0.845
0.803
0.834
0.833
0.827
0.854
0.84
0.82
0.854
0.842
0.827
0.833
0.832
0.832
0.836
0.79
0.835
0.845
0.841
0.822
0.859
0.845
0.827
0.845
0.829
0.816
0.842
0.834
0.81
0.78
0.699
0.843
0.843
0.826
0.791
0.769
0.785
0.808
0.733
0.806
0.842
0.842
0.828
0.831
0.814
0.837
0.83
0.842
0.84
0.777
0.84
0.839
0.834
0.81
0.718
0.829
0.834
0.838
0.822
0.835
0.821
0.776
0.784
0.748
0.838
0.805
0.845
0.818
0.675
0.773
0.825
0.83
0.828
0.83
0.772
0.713
0.827
0.81
0.809
0.838
0.79
0.803
0.844
0.842
0.838
0.783
0.681
0.715
0.752
0.7
0.742
0.811
0.797
0.832
0.833
0.847
0.827
0.838
0.822
0.831
0.773
0.753
0.69
0.783
0.834
0.854
0.839
0.832
0.827
0.831
0.819
0.799
0.821
0.837
0.823
0.832
0.825
0.84
0.841
0.829
0.846
0.773
0.835
0.782
0.827
0.832
0.821
0.836
0.813
0.798
0.754
0.817
0.802
0.799
0.821
0.841
0.845
0.828
0.771
0.739
0.798
0.808
0.818
0.817
0.751
0.835
0.781
0.767
0.748
0.855
0.845
0.771
0.807
0.766
0.762
0.82
0.757
0.819
0.82
0.814
0.84
0.821
0.833
0.801
0.786
0.86
0.82
0.809
0.837
0.838
0.82
0.853
0.807
0.816
0.847
0.843
0.833
0.826
0.842
0.828
0.805
0.785
0.716
0.776
0.828
0.814
0.809
0.822
0.849
0.85
0.832
0.833
0.786
0.839
0.787
0.865
0.828
0.83
0.76
0.853
0.86
0.847
0.822
0.834
0.768
0.83
0.723
0.775
0.756
0.779
0.833
0.731
0.788
0.831
0.861
0.839
0.854
0.824
0.837
0.827
0.808
0.799
0.733
0.746
0.77
0.707
0.849
0.804
0.851
0.836
0.824
0.84
0.84
0.839
0.842
0.813
0.837
0.86
0.786
0.834
0.734
0.833
0.768
0.815
0.798
0.76
0.854
0.837
0.829
0.83
0.818
0.843
0.838
0.819
0.774
0.783
0.764
0.77
0.741
0.811
0.843
0.834
0.803
0.851
0.769
0.804
0.804
0.809
0.822
0.828
0.824
0.814
0.836
0.848
0.821
0.823
0.83
0.78
0.827
0.82
0.825
0.843
0.808
0.77
0.767
0.853
0.837
0.839
0.809
0.842
0.788
0.832
0.811
0.83
0.768
0.834
0.756
0.732
0.82
0.796
0.778
0.825
0.837
0.766
0.815
0.709
0.767
0.744
0.677
0.783
0.821
0.846
0.805
0.796
0.833
0.842
0.827
0.845
0.846
0.821
0.82
0.832
0.84
0.851
0.836
0.766
0.787
0.83
0.845
0.827
0.742
0.751
0.814
0.829
0.842
0.862
0.838
0.832
0.836
0.823
0.854
0.844
0.81
0.786
0.762
0.769
0.809
0.833
0.82
0.824
0.838
0.795
0.836
0.864
0.826
0.816
0.807
0.81
0.81
0.825
0.826
0.825
0.839
0.792
0.8
0.819
0.827
0.722
0.709
0.785
0.762
0.84
0.766
0.708
0.814
0.844
0.806
0.82
0.806
0.838
0.841
0.79
0.844
0.782
0.754
0.839
0.832
0.836
0.806
0.818
0.848
0.799
0.822
0.833
0.783
0.832
0.834
0.794
0.754
0.821
0.835
0.826
0.825
0.843
0.822
0.827
0.814
0.857
0.828
0.821
0.852
0.831
0.837
0.843
0.863
0.832
0.788
0.826
0.806
0.832
0.828
0.813
0.787
0.827
0.836
0.847
0.832
0.83
0.761
0.823
0.822
0.825
0.82
0.801
0.791
0.844
0.776
0.744
0.714
0.813
0.832
0.84
0.833
0.817
0.808
0.844
0.762
0.82
0.838
0.827
0.842
0.837
0.823
0.688
0.773
0.814
0.826
0.848
0.84
0.822
0.837
0.807
0.75
0.733
0.748
0.798
0.718
0.784
0.786
0.86
0.844
0.836
0.849
0.777
0.699
0.771
0.79
0.813
0.83
0.751
0.684
0.699
0.738
0.84
0.823
0.823
0.833
0.815
0.843
0.817
0.808
0.832
0.834
0.818
0.821
0.835
0.786
0.805
0.827
0.838
0.817
0.835
0.711
0.844
0.801
0.852
0.826
0.829
0.855
0.841
0.819
0.779
0.75
0.802
0.783
0.824
0.832
0.818
0.804
0.834
0.776
0.847
0.772
0.805
0.814
0.858
0.83
0.832
0.814
0.839
0.833
0.846
0.833
0.814
0.851
0.831
0.73
0.795
0.793
0.765
0.698
0.755
0.856
0.775
0.746
0.808
0.844
0.844
0.772
0.768
0.781
0.791
0.83
0.795
0.818
0.766
0.839
0.85
0.832
0.857
0.796
0.818
0.818
0.82
0.799
0.847
0.836
0.837
0.83
0.841
0.8
0.835
0.839
0.839
0.838
0.833
0.853
0.839
0.779
0.821
0.82
0.831
0.837
0.828
0.763
0.82
0.82
0.691
0.84
0.817
0.851
0.811
0.816
0.7
0.824
0.843
0.847
0.778
0.85
0.835
0.827
0.826
0.753
0.716
0.83
0.827
0.776
0.715
0.723
0.738
0.857
0.825
0.798
0.817
0.787
0.827
0.791
0.825
0.82
0.756
0.782
0.816
0.834
0.852
0.809
0.82
0.757
0.751
0.831
0.819
0.795
0.703
0.743
0.787
0.792
0.805
0.815
0.826
0.84
0.79
0.837
0.842
0.837
0.806
0.829
0.79
0.797
0.787
0.701
0.717
0.779
0.784
0.808
0.814
0.831
0.823
0.82
0.846
0.839
0.848
0.839
0.783
0.775
0.765
0.822
0.847
0.793
0.859
0.839
0.847
0.834
0.818
0.849
0.842
0.792
0.83
0.76
0.787
0.833
0.815
0.811
0.841
0.837
0.829
0.823
0.837
0.831
0.828
0.842
0.839
0.834
0.815
0.827
0.837
0.815
0.809
0.818
0.855
0.841
0.817
0.784
0.852
0.85
0.812
0.831
0.838
0.838
0.801
0.823
0.827
0.83
0.825
0.827
0.752
0.722
0.789
0.696
0.815
0.823
0.783
0.821
0.823
0.832
0.834
0.778
0.837
0.777
0.827
0.824
0.821
0.772
0.83
0.796
0.83
0.835
0.837
0.842
0.827
0.844
0.759
0.849
0.827
0.834
0.825
0.838
0.843
0.85
0.772
0.803
0.83
0.829
0.848
0.818
0.687
0.74
0.768
0.693
0.736
0.712
0.776
0.72
0.736
0.825
0.839
0.844
0.813
0.707
0.78
0.814
0.832
0.852
0.804
0.834
0.847
0.822
0.816
0.838
0.74
0.771
0.835
0.832
0.838
0.788
0.835
0.822
0.818
0.84
0.816
0.762
0.697
0.763
0.84
0.783
0.838
0.817
0.858
0.744
0.798
0.841
0.835
0.7
0.735
0.833
0.849
0.832
0.807
0.838
0.835
0.831
0.812
0.853
0.833
0.85
0.821
0.839
0.833
0.837
0.758
0.758
0.822
0.826
0.85
0.842
0.81
0.833
0.812
0.825
0.84
0.84
0.791
0.717
0.773
0.735
0.738
0.74
0.784
0.779
0.7
0.775
0.845
0.819
0.843
0.843
0.838
0.753
0.845
0.827
0.827
0.847
0.774
0.811
0.728
0.77
0.714
0.775
0.8
0.821
0.803
0.837
0.836
0.81
0.82
0.827
0.753
0.708
0.773
0.792
0.83
0.833
0.779
0.816
0.802
0.749
0.802
0.728
0.804
0.81
0.85
0.82
0.811
0.723
0.839
0.832
0.762
0.766
0.792
0.833
0.817
0.835
0.847
0.845
0.834
0.833
0.842
0.788
0.838
0.813
0.8
0.759
0.769
0.77
0.836
0.822
0.828
0.84
0.827
0.853
0.827
0.823
0.81
0.833
0.833
0.838
0.826
0.838
0.81
0.84
0.828
0.83
0.813
0.836
0.812
0.802
0.816
0.817
0.822
0.776
0.808
0.848
0.806
0.793
0.79
0.821
0.731
0.819
0.811
0.831
0.834
0.824
0.846
0.825
0.817
0.841
0.838
0.855
0.81
0.828
0.846
0.805
0.818
0.826
0.833
0.783
0.84
0.851
0.836
0.838
0.835
0.801
0.819
0.84
0.834
0.805
0.8
0.798
0.693
0.811
0.842
0.822
0.848
0.763
0.839
0.82
0.749
0.78
0.817
0.761
0.835
0.729
0.855
0.845
0.817
0.844
0.828
0.843
0.828
0.824
0.842
0.807
0.828
0.817
0.844
0.801
0.765
0.713
0.822
0.844
0.83
0.837
0.82
0.835
0.852
0.683
0.777
0.84
0.83
0.826
0.837
0.86
0.82
0.81
0.733
0.78
0.795
0.751
0.73
0.833
0.845
0.822
0.829
0.816
0.84
0.825
0.86
0.832
0.826
0.801
0.815
0.844
0.843
0.835
0.55
0.9
0.89
0.81
0.11
0.16
0.88
0.81
0.86
0.83
0.82
0.88
0.81
0.83
0.77
0.9
0.92
0.83
0.15
0.16
0.83
0.8
0.83
0.8
0.86
0.82
0.86
0.74
0.46
0.84
0.86
0.84
0.83
0.85
0.84
0.88
0.81
0.82
0.86
0.82
0.79
0.81
0.79
0.79
0.82
0.77
0.86
0.81
0.88
0.79
0.73
0.87
0.84
0.8
0.8
0.8
0.87
0.8
0.84
0.84
0.86
0.85
0.8
0.82
0.85
0.82
0.78
0.82
0.86
0.79
0.83
0.83
0.81
0.79
0.81
0.8
0.83
0.86
0.85
0.86
0.91
0.84
0.86
0.82
0.79
0.85
0.86
0.82
0.82
0.75
0.57
0.8
0.81
0.83
0.82
0.82
0.86
0.79
0.83
0.83
0.81
0.78
0.81
0.88
0.88
0.87
0.8
0.82
0.76
0.85
0.82
0.84
0.88
0.8
0.84
0.78
0.83
0.76
0.87
0.83
0.86
0.79
0.85
0.87
0.84
0.83
0.86
0.81
0.86
0.79
0.84
0.85
0.83
0.83
0.84
0.77
0.78
0.78
0.78
0.84
0.8
0.83
0.82
0.84
0.83
0.83
0.85
0.78
0.84
0.81
0.85
0.85
0.86
0.81
0.85
0.75
0.84
0.88
0.83
0.8
0.89
0.85
0.9
0.8
0.89
0.89
0.85
0.79
0.89
0.82
0.79
0.83
0.81
0.88
0.81
0.79
0.83
0.85
0.84
0.82
0.86
0.81
0.85
0.86
0.83
0.81
0.8
0.85
0.85
0.81
0.81
0.66
0.82
0.84
0.87
0.82
0.86
0.83
0.83
0.88
0.79
0.65
0.79
0.81
0.83
0.83
0.85
0.87
0.83
0.8
0.77
0.89
0.83
0.8
0.86
0.83
0.87
0.86
0.77
0.87
0.76
0.77
0.82
0.8
0.8
0.75
0.89
0.91
0.91
0.84
0.8
0.67
0.82
0.85
0.81
0.88
0.81
0.85
0.85
0.86
0.81
0.82
0.68
0.9
0.85
0.82
0.78
0.21
0.86
0.87
0.79
0.75
0.47
0.88
0.77
0.86
0.82
0.87
0.85
0.87
0.83
0.88
0.85
0.7
0.87
0.85
0.83
0.77
0.8
0.6
0.85
0.83
0.88
0.81
0.83
0.27
0.8
0.85
0.79
0.87
0.62
0.82
0.78
0.86
0.8
0.77
0.82
0.83
0.83
0.82
0.89
0.82
0.85
0.81
0.76
0.4
0.85
0.83
0.82
0.82
0.43
0.83
0.85
0.82
0.92
0.81
0.83
0.9
0.76
0.85
0.85
0.86
0.81
0.86
0.9
0.86
0.88
0.86
0.88
0.82
0.8
0.87
0.86
0.86
0.84
0.79
0.72
0.8
0.88
0.83
0.8
0.53
0.82
0.85
0.9
0.8
0.84
0.85
0.88
0.9
0.81
0.85
0.75
0.86
0.89
0.83
0.88
0.84
0.76
0.87
0.87
0.83
0.84
0.87
0.86
0.84
0.75
0.84
0.8
0.85
0.83
0.82
0.84
0.26
0.84
0.81
0.87
0.85
0.77
0.75
0.84
0.89
0.85
0.88
0.78
0.72
0.8
0.8
0.87
0.84
0.84
0.87
0.89
0.9
0.79
0.78
0.78
0.85
0.81
0.83
0.82
0.57
0.85
0.83
0.89
0.85
0.82
0.87
0.88
0.8
0.84
0.86
0.68
0.8
0.81
0.85
0.82
0.84
0.75
0.86
0.85
0.81
0.83
0.82
0.85
0.79
0.84
0.82
0.82
0.83
0.83
0.77
0.86
0.89
0.92
0.85
0.89
0.84
0.74
0.84
0.85
0.8
0.85
0.8
0.8
0.82
0.83
0.86
0.87
0.89
0.83
0.86
0.8
0.83
0.86
0.86
0.83
0.84
0.8
0.74
0.83
0.8
0.75
0.86
0.88
0.74
0.87
0.7
0.82
0.89
0.81
0.84
0.75
0.87
0.88
0.81
0.87
0.81
0.82
0.84
0.86
0.87
0.89
0.8
0.82
0.88
0.85
0.87
0.77
0.79
0.82
0.86
0.83
0.81
0.83
0.81
0.92
0.79
0.85
0.88
0.86
0.81
0.79
0.82
0.76
0.83
0.81
0.83
0.79
0.82
0.81
0.83
0.82
0.86
0.82
0.87
0.79
0.8
0.86
0.82
0.86
0.87
0.88
0.84
0.79
0.84
0.87
0.85
0.86
0.79
0.81
0.68
0.78
0.8
0.78
0.86
0.86
0.77
0.9
0.9
0.75
0.88
0.84
0.92
0.79
0.81
0.8
0.86
0.86
0.87
0.83
0.84
0.72
0.8
0.81
0.84
0.77
0.84
0.79
0.8
0.84
0.83
0.81
0.8
0.83
0.77
0.84
0.87
0.84
0.83
0.83
0.76
0.87
0.86
0.81
0.85
0.86
0.83
0.83
0.85
0.81
0.81
0.87
0.83
0.86
0.88
0.82
0.9
0.84
0.78
0.79
0.89
0.8
0.94
0.86
0.76
0.64
0.83
0.89
0.81
0.83
0.64
0.8
0.79
0.84
0.68
0.77
0.81
0.79
0.82
0.82
0.9
0.82
0.81
0.82
0.46
0.8
0.79
0.83
0.77
0.85
0.86
0.82
0.77
0.3
0.84
0.85
0.77
0.84
0.21
0.82
0.79
0.8
0.82
0.42
0.81
0.83
0.89
0.86
0.79
0.69
0.86
0.81
0.86
0.81
0.36
0.82
0.7
0.83
0.71
0.84
0.9
0.88
0.78
0.92
0.81
0.83
0.91
0.81
0.82
0.85
0.84
0.75
0.8
0.4
0.85
0.79
0.87
0.84
0.8
0.9
0.83
0.83
0.77
0.14
0.79
0.86
0.83
0.83
0.49
0.84
0.88
0.78
0.86
0.85
0.73
0.84
0.83
0.87
0.87
0.81
0.82
0.86
0.83
0.78
0.81
0.79
0.82
0.82
0.82
0.79
0.79
0.85
0.85
0.84
0.84
0.88
0.81
0.83
0.81
0.92
0.82
0.88
0.86
0.83
0.79
0.9
0.8
0.89
0.82
0.77
0.77
0.84
0.87
0.88
0.83
0.77
0.79
0.87
0.87
0.82
0.86
0.75
0.89
0.83
0.79
0.84
0.51
0.81
0.87
0.86
0.88
0.81
0.84
0.8
0.85
0.83
0.82
0.83
0.71
0.82
0.84
0.85
0.82
0.8
0.73
0.87
0.74
0.88
0.88
0.93
0.89
0.79
0.8
0.31
0.83
0.81
0.86
0.85
0.86
0.87
0.77
0.85
0.82
0.85
0.85
0.83
0.72
0.2
0.71
0.87
0.83
0.86
0.81
0.81
0.82
0.84
0.77
0.83
0.85
0.86
0.86
0.85
0.8
0.82
0.81
0.78
0.85
0.9
0.86
0.82
0.83
0.8
0.85
0.85
0.79
0.8
0.29
0.82
0.84
0.87
0.77
0.19
0.84
0.81
0.85
0.86
0.83
0.84
0.83
0.84
0.82
0.85
0.8
0.85
0.82
0.79
0.71
0.84
0.78
0.81
0.79
0.31
0.82
0.88
0.86
0.8
0.78
0.88
0.8
0.87
0.89
0.77
0.28
0.86
0.86
0.82
0.79
0.89
0.38
0.8
0.85
0.88
0.88
0.83
0.82
0.84
0.81
0.81
0.85
0.83
0.79
0.86
0.85
0.89
0.87
0.83
0.8
0.76
0.73
0.84
0.89
0.79
0.88
0.8
0.85
0.86
0.77
0.82
0.78
0.86
0.9
0.88
0.82
0.87
0.73
0.8113207547169812
0.84
0.81
0.88
0.9
0.84
0.85
0.82
0.74
0.85
0.86
0.78
0.85
0.85
0.82
0.83
0.73
0.7
0.83
0.83
0.83
0.73
0.22
0.81
0.86
0.85
0.79
0.36
0.85
0.84
0.88
0.82
0.79
0.26
0.87
0.84
0.86
0.85
0.79
0.16
0.78
0.86
0.91
0.83
0.77
0.17
0.79
0.77
0.88
0.88
0.78
0.77
0.85
0.81
0.83
0.87
0.76
0.85
0.79
0.78
0.78
0.84
0.86
0.87
0.85
0.85
0.85
0.85
0.82
0.86
0.82
0.82
0.84
0.73
0.93
0.89
0.84
0.89
0.82
0.82
0.84
0.79
0.86
0.88
0.87
0.85
0.84
0.79
0.82
0.91
0.79
0.85
0.78
0.49
0.8
0.81
0.87
0.82
0.72
0.76
0.81
0.84
0.82
0.81
0.85
0.79
0.85
0.87
0.8
0.84
0.87
0.84
0.81
0.8
0.81
0.83
0.86
0.83
0.81
0.8
0.87
0.85
0.86
0.83
0.69
0.89
